date             aapl          sp
20000103       0.088754     -0.009549
20000104      -0.084310     -0.038345
20000105       0.014634      0.001922
20000106      -0.086538      0.000956
20000107       0.047368      0.027090
20000110      -0.017588      0.011190
20000111      -0.051151     -0.013063
20000112      -0.059973     -0.004386
20000113       0.109677      0.012170
20000114       0.038114      0.010671
20000118       0.034848     -0.006832
20000119       0.025256      0.000522
20000120       0.065103     -0.007095
20000121      -0.019273     -0.002912
20000124      -0.045480     -0.027634
20000125       0.056471      0.006065
20000126      -0.018374     -0.004213
20000127      -0.001702     -0.003938
20000128      -0.076136     -0.027457
20000131       0.020910      0.025218
20000201      -0.033735      0.010628
20000202      -0.014339     -0.000114
20000203       0.045541      0.011248
20000204       0.045372     -0.000421
20000207       0.056134     -0.000091
20000208       0.007123      0.012273
20000209      -0.019587     -0.020822
20000210       0.007769      0.003634
20000211      -0.041850     -0.020969
20000214       0.064943      0.002033
20000215       0.027523      0.008713
20000216      -0.040966     -0.010256
20000217       0.006572      0.000425
20000218      -0.031556     -0.030376
20000222       0.023034      0.004517
20000223       0.021417      0.006301
20000224      -0.009005     -0.005336
20000225      -0.041910     -0.014829
20000228       0.026048      0.011017
20000229       0.012141      0.013627
20000301       0.136859      0.009346
20000302      -0.063789      0.001863
20000303       0.049180      0.019837
20000306      -0.018066     -0.012695
20000307      -0.022377     -0.025631
20000308      -0.007121      0.008173
20000309       0.002049      0.025602
20000310       0.028630     -0.004723
20000313      -0.035288     -0.008207
20000314      -0.058217     -0.017685
20000315       0.017505      0.024280
20000316       0.045699      0.047639
20000317       0.028278      0.004114
20000320      -0.016000     -0.005353
20000321       0.097053      0.025566
20000322       0.068550      0.004532
20000323      -0.019939      0.017799
20000324      -0.018576      0.000072
20000327       0.006309     -0.002357
20000328      -0.003135     -0.010585
20000329      -0.022911      0.000524
20000330      -0.074943     -0.013656
20000331       0.080020      0.007164
20000403      -0.018408      0.004931
20000404      -0.045007     -0.007464
20000405       0.024055     -0.004924
20000406      -0.039789      0.009392
20000407       0.052421      0.009998
20000410      -0.051233     -0.007841
20000411      -0.044500     -0.002572
20000412      -0.085296     -0.022271
20000413       0.041762     -0.018171
20000414      -0.017024     -0.058278
20000417       0.107263      0.033084
20000418       0.024218      0.028663
20000419      -0.045320     -0.009808
20000420      -0.018576      0.004953
20000424       0.013670     -0.003262
20000425       0.064834      0.033276
20000426      -0.054554     -0.011134
20000427       0.044822      0.002690
20000428      -0.021203     -0.008526
20000501       0.002015      0.010892
20000502      -0.051785     -0.014957
20000503      -0.023860     -0.021566
20000504      -0.038023     -0.003908
20000505       0.022021      0.016360
20000508      -0.026519     -0.005905
20000509      -0.042565     -0.008447
20000510      -0.058091     -0.020600
20000511       0.035242      0.017902
20000512       0.046809      0.009341
20000515      -0.061556      0.022098
20000516       0.046411      0.009419
20000517      -0.040804     -0.012442
20000518      -0.006165     -0.007315
20000519      -0.066998     -0.021055
20000522      -0.043218     -0.004428
20000523      -0.045865     -0.019176
20000524       0.021850      0.018335
20000525      -0.004811     -0.012530
20000526      -0.010206     -0.002533
20000530       0.013748      0.032242
20000531      -0.040685     -0.001301
20000601       0.061012      0.019858
20000602       0.038569      0.019637
20000605      -0.013504     -0.006519
20000606       0.017112     -0.006671
20000607       0.039704      0.009274
20000608      -0.018123     -0.006586
20000609       0.009888     -0.003229
20000612      -0.047650     -0.007516
20000613       0.036326      0.016210
20000614      -0.042989      0.000749
20000615       0.021424      0.005569
20000616      -0.012855     -0.009650
20000619       0.059630      0.014708
20000620       0.047865     -0.006763
20000621       0.098765      0.002155
20000622      -0.033708     -0.018220
20000623      -0.038372     -0.007368
20000626       0.047158      0.009594
20000627      -0.043880     -0.003271
20000628       0.051932      0.002944
20000629      -0.058553     -0.008544
20000630       0.021951      0.008465
20000703       0.017900      0.010271
20000705      -0.031653     -0.015862
20000706       0.003632      0.007219
20000707       0.050663      0.015261
20000710       0.049369     -0.002218
20000711      -0.003282      0.003565
20000712       0.034029      0.008130
20000713      -0.040340      0.001956
20000714       0.021018      0.009453
20000717       0.010834      0.000338
20000718      -0.018221     -0.011089
20000719      -0.079694     -0.007886
20000720       0.046263      0.009184
20000721      -0.028345     -0.010284
20000724      -0.091015     -0.010742
20000725       0.028241      0.006952
20000726       0.000000     -0.014955
20000727       0.038702     -0.001928
20000728      -0.070913     -0.020509
20000731       0.051746      0.007705
20000801      -0.029520      0.005081
20000802      -0.041825      0.000417
20000803       0.015873      0.009634
20000804      -0.013021      0.007139
20000807       0.011873      0.011204
20000808      -0.024772      0.002352
20000809       0.016043     -0.006697
20000810       0.001316     -0.008568
20000811       0.002628      0.007937
20000814      -0.013106      0.013398
20000815      -0.007968     -0.004780
20000816       0.038822     -0.003085
20000817       0.060567      0.010961
20000818      -0.027947     -0.002908
20000821       0.010000      0.005202
20000822       0.023515     -0.000900
20000823       0.050786      0.005233
20000824       0.033084      0.001554
20000825       0.012531     -0.001233
20000828       0.022002      0.005072
20000829       0.019376     -0.002807
20000830       0.005280     -0.004802
20000831       0.024160      0.010043
20000901       0.041026      0.002036
20000905      -0.015764     -0.009002
20000906      -0.064064     -0.009840
20000907       0.060963      0.006876
20000908      -0.050403     -0.005331
20000911      -0.007431     -0.003506
20000912      -0.011765     -0.004882
20000913       0.004329      0.001970
20000914      -0.019666     -0.002721
20000915      -0.028579     -0.010170
20000918       0.098161     -0.014531
20000919      -0.011850      0.010654
20000920       0.018509     -0.005863
20000921      -0.071410     -0.001578
20000922      -0.079383     -0.000228
20000925       0.025150     -0.006689
20000926      -0.038551     -0.008214
20000927      -0.048603     -0.000448
20000928       0.093231      0.022235
20000929      -0.518692     -0.014935
20001002      -0.058252     -0.000195
20001003      -0.079897     -0.006803
20001004       0.058824      0.005510
20001005      -0.066138      0.001367
20001006       0.005666     -0.019000
20001009      -0.019718     -0.004940
20001010      -0.040230     -0.010706
20001011      -0.059880     -0.016171
20001012       0.019108     -0.025509
20001013       0.103125      0.033381
20001016      -0.025496      0.000327
20001017      -0.063953     -0.017932
20001018       0.000000     -0.005808
20001019      -0.059006      0.034743
20001020       0.029703      0.005883
20001023       0.044872     -0.000823
20001024      -0.073620      0.001684
20001025      -0.019868     -0.023767
20001026       0.000000     -0.000337
20001027       0.003378      0.011096
20001030       0.040404      0.013830
20001031       0.012945      0.021978
20001101       0.047923     -0.005723
20001102       0.088415      0.004996
20001103      -0.002801     -0.001141
20001106      -0.036517      0.003855
20001107      -0.005831     -0.000223
20001108      -0.058651     -0.015777
20001109       0.006231     -0.006486
20001110      -0.055728     -0.024398
20001113       0.016393     -0.010776
20001114       0.045161      0.023452
20001115      -0.018519      0.004960
20001116      -0.044025     -0.012584
20001117      -0.026316     -0.003352
20001120       0.023649     -0.018352
20001121      -0.006601      0.003523
20001122      -0.016611     -0.018548
20001124       0.043919      0.014678
20001127      -0.032362      0.005366
20001128      -0.035117     -0.009548
20001129      -0.025997      0.004371
20001130      -0.060498     -0.020105
20001201       0.034091      0.000213
20001204      -0.021978      0.007406
20001205       0.018727      0.038922
20001206      -0.158088     -0.018220
20001207       0.000000     -0.005853
20001208       0.052402      0.019605
20001211       0.008299      0.007526
20001212       0.012346     -0.006535
20001213      -0.024390     -0.008161
20001214      -0.037500     -0.014015
20001215      -0.025974     -0.021463
20001218       0.013333      0.008071
20001219      -0.017544     -0.012958
20001220       0.026786     -0.031296
20001221      -0.021739      0.008002
20001222       0.066667      0.024403
20001226      -0.020833      0.007060
20001227       0.008511      0.010440
20001228       0.000000      0.003988
20001229       0.004219     -0.010448
20010102       0.000000     -0.028032
20010103       0.100840      0.050099
20010104       0.041985     -0.010552
20010105      -0.040293     -0.026242
20010108       0.011450     -0.001918
20010109       0.037736      0.003812
20010110      -0.036364      0.009586
20010111       0.086792      0.010318
20010112      -0.045139     -0.006406
20010116      -0.003636      0.006319
20010117      -0.018248      0.002126
20010118       0.111524      0.013915
20010119       0.043478     -0.004028
20010122      -0.012821      0.000268
20010123       0.064935      0.013032
20010124       0.000000      0.002867
20010125      -0.027439     -0.004977
20010126      -0.018809     -0.001886
20010129       0.108626      0.006805
20010130       0.002882      0.007008
20010131      -0.005747     -0.005620
20010201      -0.023121      0.005461
20010202      -0.023669     -0.017474
20010205      -0.021212      0.003587
20010206       0.046440     -0.001514
20010207      -0.017751     -0.008408
20010208       0.000000     -0.006235
20010209      -0.078313     -0.013336
20010212       0.029412      0.011827
20010213      -0.028571     -0.008652
20010214       0.019608     -0.002184
20010215       0.028846      0.008124
20010216      -0.052960     -0.018905
20010220      -0.036184     -0.017357
20010221       0.030717     -0.018508
20010222      -0.003311     -0.001952
20010223       0.000000     -0.005555
20010226       0.036545      0.017490
20010227      -0.006410     -0.007660
20010228      -0.058065     -0.014309
20010301       0.027397      0.001040
20010302       0.026667     -0.005680
20010305       0.058442      0.005858
20010306       0.055215      0.009981
20010307      -0.011628      0.006452
20010308      -0.020588      0.002259
20010309      -0.027027     -0.024764
20010312      -0.080247     -0.043181
20010313       0.050336      0.014829
20010314       0.044728     -0.025842
20010315      -0.036697      0.005871
20010316      -0.003175     -0.019624
20010319       0.047771      0.017627
20010320      -0.042553     -0.024077
20010321       0.022222     -0.017924
20010322       0.074534     -0.004064
20010323       0.063584      0.019909
20010326      -0.053043      0.011282
20010327       0.050046      0.025575
20010328      -0.030608     -0.024430
20010329       0.016238     -0.004630
20010330      -0.020417      0.010784
20010402      -0.021749     -0.012462
20010403      -0.062529     -0.034393
20010404      -0.036561     -0.002901
20010405       0.070256      0.043680
20010406      -0.013416     -0.019984
20010409      -0.002428      0.008117
20010410       0.073028      0.027066
20010411      -0.010889     -0.002131
20010412       0.028440      0.015104
20010416      -0.043711     -0.003228
20010417      -0.048508      0.010282
20010418       0.117157      0.038890
20010419       0.128565      0.012551
20010420      -0.026439     -0.008551
20010423      -0.031550     -0.014980
20010424      -0.009072     -0.012161
20010425       0.028714      0.015941
20010426      -0.001214      0.004696
20010427       0.061158      0.015010
20010430      -0.027099     -0.002865
20010501       0.017262      0.013590
20010502       0.025453      0.000782
20010503      -0.061301     -0.014873
20010504       0.031651      0.014440
20010507      -0.030680     -0.002447
20010508      -0.015625     -0.001828
20010509      -0.024013     -0.004488
20010510      -0.040867     -0.000287
20010511      -0.006522     -0.007577
20010514       0.019256      0.002609
20010515      -0.004723      0.000416
20010516       0.039698      0.028453
20010517      -0.022830      0.002724
20010518      -0.000849      0.002693
20010521       0.001275      0.016154
20010522      -0.002547     -0.002628
20010523      -0.011489     -0.015526
20010524      -0.001291      0.003196
20010525      -0.018966     -0.011816
20010529      -0.056678     -0.007794
20010530      -0.078714     -0.015655
20010531       0.008595      0.006202
20010601       0.047118      0.003862
20010604      -0.011010      0.005108
20010605       0.013553      0.012990
20010606      -0.010029     -0.010549
20010607       0.044863      0.005457
20010608      -0.015697     -0.009397
20010611      -0.060037     -0.008356
20010612       0.013473      0.001164
20010613       0.007878     -0.011347
20010614      -0.028823     -0.017502
20010615       0.028169     -0.004517
20010618      -0.005382     -0.004883
20010619      -0.006886      0.003434
20010620       0.073304      0.008709
20010621       0.037840      0.011364
20010622      -0.010227     -0.009450
20010625       0.077718     -0.005509
20010626      -0.010004     -0.001510
20010627      -0.017263     -0.004676
20010628       0.008569      0.012493
20010629      -0.012319     -0.001452
20010702       0.027957      0.010037
20010703      -0.002510     -0.001827
20010705      -0.027265     -0.012321
20010706      -0.050022     -0.023498
20010709       0.030413      0.006879
20010710      -0.068723     -0.014398
20010711       0.066225     -0.001134
20010712       0.080745      0.023691
20010713       0.020115      0.006241
20010716      -0.035815     -0.010883
20010717       0.047579      0.009971
20010718      -0.171713     -0.005542
20010719      -0.039923      0.006053
20010720       0.001002     -0.003432
20010723      -0.022022     -0.016369
20010724      -0.023030     -0.016272
20010725      -0.032478      0.016080
20010726       0.006497      0.010449
20010727       0.019903      0.002402
20010730      -0.001582     -0.001078
20010731      -0.007396      0.005571
20010801       0.014369      0.003880
20010802       0.039874      0.003964
20010803      -0.016145     -0.005243
20010806      -0.018974     -0.011422
20010807       0.006273      0.003265
20010808      -0.018182     -0.017328
20010809       0.007936     -0.000084
20010810      -0.001575      0.005687
20010813       0.003680      0.000949
20010814      -0.018858     -0.003828
20010815      -0.015483     -0.007339
20010816       0.011388      0.003090
20010817      -0.031099     -0.016663
20010820       0.002767      0.008124
20010821      -0.011038     -0.012079
20010822       0.016183      0.006956
20010823      -0.021966     -0.002763
20010824       0.042673      0.019654
20010827       0.018848     -0.004827
20010828      -0.027484     -0.015010
20010829      -0.030978     -0.011115
20010830       0.000000     -0.017038
20010831       0.040381      0.004030
20010904      -0.016172     -0.000565
20010905       0.016438     -0.001059
20010906      -0.044744     -0.022390
20010907      -0.024831     -0.018637
20010910       0.005208      0.006226
20010917      -0.021877     -0.049216
20010918      -0.041789     -0.005805
20010919       0.045455     -0.016112
20010920      -0.078731     -0.031060
20010921       0.003189     -0.019034
20010924       0.045772      0.038983
20010925      -0.055319      0.008790
20010926      -0.025097     -0.005167
20010927       0.023762      0.011489
20010928       0.000000      0.021922
20011001       0.001934     -0.002296
20011002      -0.031532      0.012306
20011003      -0.004651      0.019927
20011004       0.060080     -0.002471
20011005       0.016373      0.001636
20011008       0.003718     -0.008344
20011009      -0.012346     -0.005356
20011010       0.051250      0.022938
20011011       0.054697      0.015208
20011012       0.015220     -0.005267
20011015      -0.001111     -0.001530
20011016       0.001112      0.006936
20011017      -0.056635     -0.018633
20011018       0.059447     -0.007873
20011019       0.016667      0.004557
20011022       0.039344      0.015296
20011023      -0.046267     -0.004698
20011024       0.044653      0.000387
20011025       0.012665      0.013721
20011026      -0.027097      0.004109
20011029      -0.055704     -0.023818
20011030      -0.001702     -0.017166
20011031      -0.002273     -0.000009
20011101       0.058656      0.022948
20011102      -0.001076      0.002860
20011105       0.026925      0.014386
20011106       0.026219      0.014526
20011107       0.001022     -0.002735
20011108      -0.044921      0.002456
20011109       0.000000      0.001582
20011112       0.002138     -0.001767
20011113       0.033067      0.018563
20011114       0.012390      0.001861
20011115      -0.008159      0.000903
20011116      -0.024679     -0.003143
20011119       0.054296      0.010899
20011120      -0.023500     -0.007298
20011121       0.007680     -0.004927
20011123       0.008130      0.011706
20011126       0.077117      0.006155
20011127      -0.017314     -0.006843
20011128      -0.022381     -0.018251
20011129      -0.005358      0.010350
20011130       0.043095     -0.000658
20011203      -0.011737     -0.008381
20011204       0.064133      0.013187
20011205       0.060714      0.022318
20011206      -0.041246     -0.002777
20011207      -0.010536     -0.007531
20011210       0.000000     -0.015868
20011211      -0.033718     -0.002781
20011212      -0.013315      0.000273
20011213      -0.022801     -0.015558
20011214      -0.029048      0.003314
20011217       0.011280      0.010035
20011218       0.018914      0.007546
20011219       0.029034      0.005810
20011220      -0.043941     -0.008377
20011221       0.015965      0.004351
20011224       0.017143     -0.000210
20011226       0.006086      0.004124
20011227       0.026989      0.006752
20011228       0.016312      0.003362
20011231      -0.023629     -0.011145
20020102       0.063927      0.005740
20020103       0.012017      0.009180
20020104       0.004665      0.006213
20020107      -0.033347     -0.006499
20020108      -0.012664     -0.003588
20020109      -0.042459     -0.004799
20020110      -0.019400      0.001221
20020111      -0.008479     -0.009468
20020114       0.004751     -0.006276
20020115       0.026005      0.006834
20020116      -0.042396     -0.016245
20020117       0.081809      0.010030
20020118      -0.013790     -0.009922
20020122      -0.015787     -0.007334
20020123       0.054995      0.007925
20020124       0.008254      0.003519
20020125       0.001723      0.000998
20020128       0.000860     -0.000194
20020129      -0.008595     -0.028613
20020130       0.044213      0.011748
20020131       0.026152      0.014934
20020201      -0.012540     -0.007078
20020204       0.038509     -0.024737
20020205       0.003945     -0.004039
20020206      -0.030648     -0.005972
20020207      -0.014998     -0.003083
20020208      -0.011111      0.014859
20020211       0.039534      0.014340
20020212      -0.010809     -0.003993
20020213       0.012141      0.009941
20020214      -0.016393     -0.001815
20020215      -0.028455     -0.011017
20020219      -0.053556     -0.018874
20020220       0.022546      0.013514
20020221      -0.070471     -0.015510
20020222       0.057674      0.008224
20020225       0.047054      0.017975
20020226      -0.005880     -0.000045
20020227      -0.072243      0.000460
20020228      -0.011840     -0.002847
20020301       0.080645      0.022634
20020304       0.035821      0.019491
20020305      -0.031289     -0.006673
20020306       0.022949      0.014510
20020307       0.012879     -0.004498
20020308       0.011485      0.005849
20020311       0.016221      0.003393
20020312      -0.013567     -0.002294
20020313      -0.009304     -0.009858
20020314      -0.002450     -0.000910
20020315       0.021285      0.011379
20020318      -0.008417     -0.000523
20020319       0.004446      0.004067
20020320       0.002817     -0.015757
20020321      -0.026083      0.001511
20020322      -0.007417     -0.004239
20020325      -0.030718     -0.014651
20020326       0.004711      0.005849
20020327       0.000426      0.005349
20020328       0.008522      0.002455
20020401       0.033376     -0.000741
20020402      -0.015944     -0.008530
20020403      -0.013295     -0.009993
20020404       0.048421      0.000835
20020405      -0.006426     -0.003205
20020408      -0.007276      0.002280
20020409      -0.018730     -0.006656
20020410       0.023236      0.011335
20020411       0.008110     -0.023689
20020412       0.008045      0.006632
20020415      -0.002394     -0.007615
20020416       0.029600      0.023418
20020417       0.014375     -0.002038
20020418      -0.026810     -0.001421
20020419      -0.016922      0.000623
20020422      -0.018014     -0.015411
20020423      -0.011415     -0.006201
20020424      -0.019794     -0.007103
20020425       0.014724     -0.001519
20020426      -0.046020     -0.013889
20020429       0.041286     -0.010099
20020430       0.012938      0.010765
20020501      -0.011949      0.008859
20020502      -0.012093     -0.001749
20020503      -0.007598     -0.010262
20020506      -0.036580     -0.019340
20020507      -0.007947     -0.003021
20020508       0.084557      0.037504
20020509      -0.007386     -0.014547
20020510      -0.035965     -0.016794
20020513       0.026587      0.018550
20020514       0.069758      0.021144
20020515      -0.012886     -0.005659
20020516      -0.002769      0.006562
20020517      -0.007933      0.007612
20020520      -0.010796     -0.013293
20020521      -0.051738     -0.010990
20020522       0.036658      0.005686
20020523       0.035362      0.010184
20020524      -0.040906     -0.012087
20020528      -0.007039     -0.008553
20020529       0.000000     -0.006412
20020530       0.009174     -0.002810
20020531      -0.037190      0.002329
20020603      -0.016738     -0.024795
20020604      -0.005674      0.000010
20020605      -0.002634      0.008850
20020606      -0.024648     -0.019764
20020607      -0.034296     -0.001574
20020610       0.003738      0.003124
20020611      -0.047486     -0.016629
20020612      -0.018084      0.006571
20020613      -0.027377     -0.010488
20020614       0.028659     -0.002268
20020617       0.021891      0.028691
20020618      -0.018987      0.000936
20020619      -0.150372     -0.016536
20020620      -0.000584     -0.013432
20020621      -0.015196     -0.017043
20020624       0.024926      0.003619
20020625      -0.007528     -0.016702
20020626      -0.034422     -0.002674
20020627       0.030816      0.017575
20020628       0.038687     -0.000838
20020701      -0.037246     -0.021378
20020702      -0.007034     -0.021225
20020703       0.036009      0.006223
20020705       0.067806      0.036730
20020708      -0.038954     -0.012184
20020709      -0.026652     -0.024719
20020710      -0.011980     -0.033962
20020711       0.056582      0.007496
20020712      -0.043716     -0.006448
20020715       0.041714     -0.003755
20020716      -0.020296     -0.018389
20020717      -0.124860      0.005538
20020718      -0.040947     -0.027019
20020719      -0.002001     -0.038341
20020722      -0.002674     -0.032922
20020723      -0.030161     -0.027017
20020724       0.050449      0.057315
20020725      -0.055263     -0.005620
20020726      -0.001393      0.016884
20020729       0.047420      0.054078
20020730       0.027297      0.004249
20020731      -0.011018      0.009792
20020801      -0.030144     -0.029574
20020802      -0.023649     -0.023082
20020805      -0.031834     -0.034296
20020806       0.053610      0.029919
20020807       0.019810      0.020010
20020808       0.017829      0.032722
20020809      -0.019608      0.003512
20020812      -0.000667     -0.005327
20020813      -0.026684     -0.021675
20020814       0.039753      0.040047
20020815       0.029005      0.011559
20020816       0.012812     -0.001591
20020819       0.010753      0.023633
20020820      -0.004380     -0.013979
20020821       0.013199      0.012726
20020822      -0.009305      0.014052
20020823      -0.015028     -0.022686
20020826      -0.012715      0.007536
20020827      -0.043786     -0.013851
20020828      -0.010101     -0.018132
20020829       0.000000     -0.000076
20020830       0.003401     -0.001885
20020903      -0.047458     -0.041536
20020904       0.030605      0.017517
20020905      -0.020718     -0.015950
20020906       0.014104      0.016800
20020909      -0.000695      0.010113
20020910      -0.002784      0.007331
20020911      -0.002791     -0.000143
20020912      -0.010497     -0.024784
20020913       0.002122      0.003270
20020916       0.023289      0.001450
20020917       0.020690     -0.019728
20020918       0.014865     -0.004648
20020919      -0.029294     -0.030065
20020920       0.019890      0.002455
20020923      -0.001345     -0.013828
20020924      -0.014141     -0.017284
20020925       0.019809      0.024863
20020926      -0.015405      0.018210
20020927       0.001361     -0.032259
20020930      -0.014946     -0.014600
20021001       0.000690      0.040010
20021002      -0.023432     -0.023587
20021003       0.009174     -0.010822
20021004      -0.018881     -0.022431
20021007      -0.018532     -0.019111
20021008      -0.005955      0.016898
20021009      -0.006502     -0.027287
20021010       0.038238      0.034966
20021011       0.027693      0.039059
20021014       0.017919      0.007327
20021015       0.026405      0.047336
20021016      -0.039578     -0.024113
20021017      -0.030907      0.022302
20021018       0.016301      0.005903
20021021       0.015342      0.017334
20021022       0.009615     -0.010626
20021023       0.012245      0.006718
20021024      -0.012769     -0.015221
20021025       0.049694      0.017167
20021028       0.012322     -0.008266
20021029      -0.010890     -0.009076
20021030       0.034974      0.009704
20021031       0.005632     -0.005557
20021101       0.018046      0.017160
20021104       0.032396      0.008191
20021105       0.000592      0.007761
20021106       0.018935      0.009144
20021107      -0.070848     -0.022852
20021108      -0.010000     -0.008763
20021111      -0.042929     -0.020732
20021112       0.031662      0.007715
20021113      -0.003197     -0.000476
20021114       0.045542      0.024634
20021115      -0.021472      0.006149
20021118      -0.018809     -0.010409
20021119      -0.024281     -0.004021
20021120       0.017027      0.019415
20021121       0.052801      0.021452
20021122      -0.020795     -0.003438
20021125      -0.002498      0.002504
20021126      -0.035066     -0.020978
20021127       0.020117      0.027986
20021129      -0.013995     -0.002727
20021202      -0.020645     -0.001901
20021203      -0.001318     -0.014745
20021204      -0.012533     -0.003454
20021205      -0.022712     -0.012010
20021206       0.021873      0.006266
20021209      -0.013378     -0.022176
20021210       0.035932      0.013957
20021211       0.013743      0.000564
20021212      -0.019367     -0.003724
20021213      -0.026333     -0.013432
20021216       0.004057      0.023519
20021217       0.015488     -0.008139
20021218      -0.033820     -0.013145
20021219      -0.025395     -0.007709
20021220      -0.004225      0.013005
20021223       0.024752      0.001820
20021224      -0.008972     -0.005471
20021226       0.002786     -0.003149
20021227      -0.023611     -0.016029
20021230       0.000711      0.004558
20021231       0.018479      0.000489
20030102       0.032798      0.033200
20030103       0.006757     -0.000484
20030106       0.000000      0.022474
20030107      -0.003356     -0.006545
20030108      -0.020202     -0.014086
20030109       0.008935      0.019397
20030110       0.002725     -0.000011
20030113      -0.006114     -0.001412
20030114      -0.001367      0.005830
20030115      -0.012320     -0.014426
20030116       0.013167     -0.003942
20030117      -0.035568     -0.014017
20030121      -0.005674     -0.015702
20030122      -0.009986     -0.010432
20030123       0.020893      0.010224
20030124      -0.026111     -0.029233
20030127       0.023913     -0.016160
20030128       0.031847      0.013050
20030129       0.024006      0.006779
20030130      -0.040857     -0.022849
20030131       0.002793      0.013130
20030203       0.020891      0.005399
20030204      -0.004093     -0.014088
20030205      -0.010274     -0.005435
20030206      -0.001384     -0.006449
20030207      -0.019404     -0.010094
20030210       0.014134      0.007569
20030211       0.000000     -0.008098
20030212       0.002787     -0.012687
20030213       0.010424     -0.001600
20030214       0.008941      0.021435
20030218       0.040900      0.019500
20030219      -0.027505     -0.007096
20030220      -0.005387     -0.009501
20030221       0.015572      0.013224
20030224      -0.017333     -0.018381
20030225       0.018996      0.007195
20030226      -0.034621     -0.013141
20030227       0.024828      0.011758
20030228       0.010094      0.004622
20030303      -0.023984     -0.007537
20030304      -0.006143     -0.015357
20030305       0.004121      0.009562
20030306      -0.004104     -0.009339
20030307      -0.002060      0.008259
20030310      -0.011012     -0.025830
20030311      -0.009743     -0.008359
20030312      -0.000703      0.004321
20030313       0.035162      0.034457
20030314       0.004076      0.001647
20030317       0.015562      0.035427
20030318      -0.000666      0.004242
20030319      -0.003333      0.008737
20030320      -0.002676      0.001888
20030321       0.006036      0.022977
20030324      -0.042000     -0.035231
20030325       0.012526      0.012161
20030326      -0.009622     -0.005476
20030327       0.005552     -0.001644
20030328       0.005521     -0.005780
20030331      -0.029513     -0.017742
20030401       0.001414      0.012144
20030402       0.031073      0.026116
20030403      -0.009589     -0.005052
20030404      -0.003458      0.002738
20030407       0.005552      0.001229
20030408      -0.002761     -0.001864
20030409      -0.017993     -0.014004
20030410       0.012685      0.006455
20030411      -0.081420     -0.003763
20030414       0.028788      0.019498
20030415      -0.013991      0.006303
20030416      -0.011202     -0.012236
20030417      -0.009063      0.015536
20030421       0.001524     -0.001757
20030422       0.028158      0.021704
20030423       0.005181      0.008394
20030424      -0.010309     -0.008259
20030425      -0.006696     -0.013846
20030428       0.038202      0.017835
20030429       0.014430      0.003279
20030430       0.011380     -0.001002
20030501       0.009845     -0.000676
20030502       0.006267      0.015039
20030505       0.113495     -0.003795
20030506       0.087632      0.008461
20030507       0.008571     -0.005105
20030508       0.019830     -0.010058
20030509       0.016667      0.014278
20030512       0.014208      0.012535
20030513       0.005927     -0.002973
20030514      -0.006427     -0.003205
20030515       0.009704      0.007868
20030516       0.003737     -0.002504
20030519      -0.037234     -0.024918
20030520      -0.017127     -0.001129
20030521       0.003373      0.004012
20030522       0.021849      0.009151
20030523       0.004386      0.001449
20030527       0.030568      0.019567
20030528      -0.031780      0.001829
20030529      -0.009847     -0.003756
20030530      -0.008287      0.014690
20030602      -0.027855      0.003539
20030603      -0.008023      0.004716
20030604       0.016753      0.015110
20030605       0.002273      0.003954
20030606      -0.027778     -0.002404
20030609      -0.020991     -0.011977
20030610       0.023228      0.009130
20030611       0.015716      0.012835
20030612       0.018338      0.001033
20030613      -0.019696     -0.009915
20030616       0.048795      0.022385
20030617      -0.004379      0.000910
20030618       0.051127     -0.001552
20030619       0.001046     -0.015236
20030620       0.003135      0.000995
20030623      -0.007292     -0.014111
20030624      -0.014690      0.001834
20030625       0.016507     -0.008267
20030626       0.010477      0.010776
20030627      -0.029031     -0.009738
20030630       0.017619     -0.001762
20030701       0.001574      0.008025
20030702       0.009429      0.011646
20030703      -0.007265     -0.008111
20030707       0.038683      0.018992
20030708       0.026673      0.003405
20030709      -0.025000     -0.005586
20030710      -0.015586     -0.013480
20030711       0.013790      0.009548
20030714       0.002519      0.005731
20030715      -0.014573     -0.003427
20030716       0.013259     -0.006417
20030717       0.051837     -0.012344
20030718      -0.001962      0.011806
20030721      -0.011937     -0.014618
20030722       0.009219      0.009512
20030723      -0.000481      0.000506
20030724      -0.013468     -0.007091
20030725       0.050219      0.017400
20030728      -0.025534     -0.002163
20030729      -0.012863     -0.007265
20030730      -0.021235     -0.001809
20030731       0.039448      0.002856
20030801      -0.016603     -0.010259
20030804       0.023155      0.002724
20030805      -0.039132     -0.017663
20030806      -0.036801      0.001678
20030807       0.015283      0.007280
20030808      -0.014551      0.003562
20030811       0.001018      0.003069
20030812       0.002035      0.009953
20030813       0.024365     -0.006382
20030814      -0.010406      0.006585
20030815      -0.013020      0.000162
20030818       0.031964      0.009155
20030819      -0.000983      0.002611
20030820       0.033957     -0.002045
20030821       0.031890      0.002969
20030822      -0.036900     -0.010177
20030825      -0.000958      0.000655
20030826       0.009108      0.003039
20030827       0.020428      0.000060
20030828       0.033054      0.006069
20030829       0.018927      0.005155
20030902       0.010615      0.013869
20030903       0.004376      0.004188
20030904      -0.005229      0.001656
20030905      -0.014455     -0.006401
20030908       0.010667      0.010035
20030909      -0.016271     -0.008210
20030910      -0.008494     -0.011973
20030911       0.017133      0.005441
20030912       0.023936      0.002174
20030915      -0.038528     -0.003750
20030916       0.006754      0.014298
20030917      -0.010733     -0.003255
20030918       0.034358      0.013266
20030919      -0.013112     -0.003155
20030922      -0.022143     -0.013008
20030923       0.015851      0.006071
20030924      -0.049487     -0.019096
20030925      -0.041745     -0.006053
20030926       0.012726     -0.006399
20030929       0.029483      0.009761
20030930      -0.027230     -0.010541
20031001       0.003378      0.022340
20031002      -0.010582      0.001984
20031003       0.054448      0.009419
20031006       0.027663      0.004370
20031007       0.041723      0.004737
20031008      -0.006891     -0.005263
20031009       0.016912      0.004788
20031010       0.009808     -0.000645
20031013       0.028294      0.007023
20031014       0.008214      0.003951
20031015       0.010998     -0.002592
20031016      -0.063255      0.003162
20031017      -0.021505     -0.010237
20031020       0.020659      0.005157
20031021      -0.001723      0.001292
20031022      -0.018119     -0.014980
20031023       0.010105      0.003310
20031024      -0.016964     -0.004701
20031027       0.000000      0.002158
20031028       0.049557      0.015187
20031029      -0.001265      0.001261
20031030      -0.025327     -0.001116
20031031      -0.008662      0.003601
20031103       0.011359      0.007909
20031104      -0.010367     -0.005448
20031105       0.005238     -0.001367
20031106       0.003908      0.005933
20031107      -0.026817     -0.004574
20031110      -0.026667     -0.005792
20031111      -0.016438     -0.000516
20031112       0.036676      0.011456
20031113       0.004030     -0.000142
20031114      -0.042819     -0.007615
20031117      -0.015377     -0.006398
20031118      -0.034075     -0.009084
20031119       0.000485      0.008016
20031120      -0.002199     -0.008432
20031121      -0.004663      0.001577
20031124       0.042899      0.016227
20031125      -0.022222      0.001720
20031126       0.001934      0.004327
20031128       0.009170     -0.000236
20031201       0.038259      0.011264
20031202      -0.007830     -0.003271
20031203      -0.023677     -0.001772
20031204       0.005706      0.004687
20031205      -0.014184     -0.007684
20031208       0.009592      0.007348
20031209      -0.028503     -0.008529
20031210      -0.003423     -0.001066
20031211       0.040726      0.011482
20031212      -0.015087      0.002735
20031215      -0.034466     -0.005679
20031216      -0.002479      0.006638
20031217      -0.011929      0.001256
20031218       0.008048      0.011798
20031219      -0.016966     -0.000468
20031222       0.007614      0.003922
20031223      -0.002015      0.002818
20031224       0.030288     -0.001807
20031226       0.018128      0.001691
20031229       0.017806      0.012401
20031230       0.006147      0.000144
20031231       0.004229      0.002055
20040102      -0.004212     -0.003094
20040105       0.041823      0.012395
20040106      -0.003608      0.001292
20040107       0.022635      0.002367
20040108       0.034086      0.004963
20040109      -0.015411     -0.008888
20040112       0.031739      0.004787
20040113       0.016435     -0.005332
20040114       0.003317      0.008295
20040115      -0.055785      0.001353
20040116      -0.005689      0.006872
20040120       0.000440     -0.000930
20040121      -0.005279      0.007772
20040122      -0.019018     -0.003207
20040123       0.017133     -0.002089
20040126       0.019947      0.012106
20040127       0.002608     -0.009798
20040128      -0.023840     -0.013610
20040129       0.007105      0.004989
20040130      -0.005291     -0.002628
20040202      -0.010638      0.003651
20040203      -0.002688      0.000678
20040204      -0.021114     -0.008371
20040205       0.028912      0.001838
20040206       0.012935      0.012555
20040209      -0.001893     -0.002581
20040210       0.013809      0.005027
20040211       0.035683      0.010667
20040212      -0.002941     -0.004880
20040213      -0.030763     -0.005468
20040217       0.006957      0.009757
20040218       0.004318     -0.004468
20040219      -0.033964     -0.004133
20040220      -0.003115     -0.002572
20040223      -0.009375     -0.002727
20040224       0.007661     -0.001665
20040225       0.020125      0.004021
20040226       0.010083      0.001084
20040227       0.038194      0.000026
20040301       0.004181      0.009625
20040302      -0.008743     -0.005934
20040303       0.004620      0.001688
20040304       0.051839      0.003336
20040305       0.062798      0.001723
20040308      -0.027674     -0.008350
20040309       0.042308     -0.005779
20040310       0.021402     -0.014633
20040311      -0.019147     -0.015224
20040312       0.015101      0.012460
20040315      -0.040276     -0.014350
20040316      -0.023819      0.005623
20040317       0.014330      0.011749
20040318      -0.019855     -0.001273
20040319       0.007402     -0.011173
20040322       0.000000     -0.012958
20040323      -0.022042     -0.001324
20040324       0.008304     -0.002395
20040325       0.053726      0.016365
20040326       0.006327     -0.001019
20040329       0.032175      0.013005
20040330       0.000358      0.004036
20040331      -0.031519     -0.000701
20040401       0.002589      0.005292
20040402       0.014386      0.008515
20040405       0.029818      0.007672
20040406      -0.017302     -0.002095
20040407      -0.018685     -0.006645
20040408       0.008056     -0.001061
20040412       0.018525      0.005161
20040413      -0.039586     -0.013762
20040414      -0.010769     -0.001124
20040415       0.099850      0.000594
20040416      -0.004096      0.005111
20040419      -0.028444      0.001066
20040420      -0.021870     -0.015557
20040421       0.000000      0.005312
20040422       0.001803      0.014091
20040423      -0.002880      0.000588
20040426      -0.020578     -0.004445
20040427      -0.007003      0.002272
20040428      -0.018189     -0.013795
20040429       0.012098     -0.007591
20040430      -0.036982     -0.005916
20040503       0.011249      0.009203
20040504       0.002685      0.001843
20040505       0.019510      0.001769
20040506      -0.002627     -0.006723
20040507       0.003386     -0.013725
20040510      -0.014623     -0.010540
20040511       0.032724      0.007662
20040512       0.005895      0.001671
20040513      -0.004029     -0.000766
20040514      -0.004781     -0.000675
20040517      -0.015521     -0.010587
20040518       0.015766      0.006817
20040519      -0.021803     -0.002574
20040520       0.009067      0.000468
20040521       0.014976      0.004012
20040524       0.008484      0.001692
20040525       0.039137      0.016104
20040526       0.003520      0.001698
20040527      -0.011926      0.005686
20040528      -0.003905     -0.000535
20040601       0.000000      0.000464
20040602       0.030649      0.003380
20040603      -0.017981     -0.007422
20040604       0.013380      0.005248
20040607       0.035789      0.015964
20040608       0.018115      0.001543
20040609      -0.004942     -0.009499
20040610       0.017881      0.004543
20040614      -0.020169     -0.009837
20040615       0.018924      0.005972
20040616       0.066797      0.001369
20040617       0.002138     -0.001332
20040618       0.003048      0.002624
20040621      -0.017624     -0.004159
20040622       0.020724      0.003636
20040623       0.021212      0.008507
20040624      -0.015430     -0.002981
20040625       0.015672     -0.005453
20040628      -0.035905     -0.000952
20040629       0.000308      0.002515
20040630       0.001231      0.004084
20040701      -0.007376     -0.010431
20040702      -0.037771     -0.003153
20040706      -0.004183     -0.008148
20040707      -0.018094      0.001899
20040708      -0.008226     -0.008244
20040709      -0.003650      0.003336
20040712      -0.029637      0.001384
20040713       0.002745      0.000709
20040714       0.012320     -0.003291
20040715       0.113252     -0.004301
20040716      -0.022168     -0.004789
20040719      -0.007143     -0.000445
20040720       0.007194      0.007058
20040721      -0.018012     -0.013340
20040722       0.001898      0.002706
20040723      -0.030934     -0.009701
20040726       0.018241     -0.001970
20040727       0.037428      0.009935
20040728      -0.004934      0.000539
20040729       0.011466      0.004574
20040730      -0.009191      0.001172
20040802      -0.023500      0.004448
20040803      -0.009183     -0.006262
20040804       0.015980     -0.000964
20040805      -0.012583     -0.016320
20040806      -0.051290     -0.015481
20040809       0.017461      0.001175
20040810       0.040264      0.012974
20040811      -0.016180     -0.003012
20040812      -0.020638     -0.011675
20040813       0.015476      0.001477
20040816      -0.001946      0.013655
20040817       0.002924      0.002196
20040818       0.028183      0.012443
20040819      -0.032451     -0.003598
20040820       0.002931      0.006525
20040823       0.009091     -0.002431
20040824       0.027992      0.000465
20040825       0.034429      0.008000
20040826       0.048714      0.000118
20040827      -0.008944      0.002425
20040830      -0.006696     -0.007781
20040831       0.010844      0.004631
20040901       0.039722      0.001512
20040902      -0.005577      0.011212
20040903      -0.012058     -0.004185
20040907       0.015044      0.006887
20040908       0.016499     -0.004486
20040909      -0.017882      0.001890
20040910       0.004762      0.004954
20040913      -0.007806      0.001691
20040914      -0.002810      0.002229
20040915      -0.008171     -0.007055
20040916       0.032670      0.002794
20040917       0.021733      0.004495
20040920       0.015347     -0.005627
20040921       0.007955      0.006327
20040922      -0.028677     -0.013938
20040923       0.009480     -0.004670
20040924       0.000537      0.001579
20040927       0.006436     -0.005936
20040928       0.013589      0.005926
20040929       0.016824      0.004270
20040930       0.001810     -0.000197
20041001      -0.002065      0.015181
20041004       0.003103      0.003243
20041005       0.014952     -0.000608
20041006       0.032258      0.006673
20041007      -0.025098     -0.009982
20041008      -0.014134     -0.007527
20041011      -0.012033      0.002005
20041012      -0.007774     -0.002268
20041013       0.038130     -0.007301
20041014       0.131572     -0.009303
20041015       0.011561      0.004450
20041018       0.049451      0.005252
20041019      -0.006911     -0.009686
20041020       0.001054      0.000390
20041021       0.009901      0.002564
20041022      -0.011055     -0.009715
20041025       0.002953     -0.000849
20041026       0.008833      0.014870
20041027       0.048572      0.012879
20041028       0.037575      0.001813
20041029       0.004024      0.002448
20041101       0.000954      0.000274
20041102       0.020019      0.000027
20041103       0.033832      0.011198
20041104      -0.015549      0.016156
20041105       0.004959      0.003874
20041108      -0.006213     -0.001098
20041109      -0.006068     -0.000695
20041110       0.012951     -0.001005
20041111       0.010046      0.009089
20041112       0.003617      0.009110
20041115      -0.004685     -0.000304
20041116      -0.005521     -0.007079
20041117      -0.000637      0.005538
20041118       0.008925      0.001362
20041119      -0.003972     -0.011161
20041122       0.112017      0.005896
20041123      -0.001304     -0.000255
20041124       0.045373      0.004095
20041126       0.007806      0.000753
20041129       0.060263     -0.003450
20041130      -0.020310     -0.004030
20041201       0.011037      0.014951
20041202      -0.038059     -0.000873
20041203      -0.038798      0.000706
20041206       0.049458     -0.000772
20041207      -0.043934     -0.011073
20041208       0.006201      0.004877
20041209       0.011220      0.005436
20041210       0.018128     -0.001043
20041213      -0.003684      0.008990
20041214       0.005854      0.003921
20041215      -0.000459      0.001945
20041216       0.020472     -0.002082
20041217      -0.024116     -0.007472
20041220      -0.034928      0.000360
20041221       0.015466      0.009040
20041222       0.000942      0.003418
20041223       0.004078      0.000463
20041227      -0.013279     -0.004305
20041228       0.016149      0.007154
20041229       0.004051     -0.000074
20041230       0.005587      0.000082
20041231      -0.006173     -0.001343
20050103      -0.017236     -0.008119
20050104       0.010270     -0.011671
20050105       0.008758     -0.003628
20050106       0.000775      0.003506
20050107       0.072812     -0.001431
20050110      -0.004188      0.003423
20050111      -0.063805     -0.006100
20050112       0.013941      0.003981
20050113       0.066300     -0.008630
20050114       0.005731      0.006005
20050118       0.006410      0.009675
20050119      -0.010899     -0.009490
20050120       0.008300     -0.007783
20050121       0.000426     -0.006415
20050124       0.003830     -0.003528
20050125       0.018231      0.004004
20050126       0.002776      0.004844
20050127       0.005398      0.000409
20050128       0.018447     -0.002716
20050131       0.039470      0.008460
20050201       0.008192      0.006891
20050202       0.027086      0.003178
20050203      -0.022856     -0.002766
20050204       0.013237      0.011043
20050207       0.001268     -0.001089
20050208       0.024829      0.000483
20050209      -0.026700     -0.008575
20050210      -0.004826      0.004211
20050211       0.036371      0.006926
20050214       0.042113      0.000697
20050215       0.044665      0.003300
20050216       0.019455      0.000182
20050217      -0.025741     -0.007923
20050218      -0.011388      0.000700
20050222      -0.017509     -0.014506
20050223       0.034471      0.005607
20050224       0.007934      0.007894
20050225       0.000675      0.009307
20050228       0.008203     -0.006414
20050301      -0.008025      0.005658
20050302      -0.008517     -0.000273
20050303      -0.052832      0.000322
20050304       0.024408      0.009624
20050307      -0.001402      0.002610
20050308      -0.051930     -0.004799
20050309      -0.029114     -0.010185
20050310       0.012198      0.001856
20050311       0.011047     -0.007583
20050314       0.001242      0.005625
20050315       0.015873     -0.007524
20050316       0.005371     -0.008082
20050317       0.025983      0.001801
20050318       0.016805     -0.000471
20050321       0.017225     -0.004934
20050322      -0.019908     -0.010196
20050323      -0.006538      0.000700
20050324      -0.001175     -0.000947
20050328       0.000706      0.002441
20050329      -0.018340     -0.007596
20050330       0.025150      0.013773
20050331      -0.026402     -0.000694
20050401      -0.018718     -0.006497
20050404       0.004891      0.002728
20050405       0.019469      0.004481
20050406       0.010504      0.002269
20050407       0.029057      0.005971
20050408       0.004132     -0.008345
20050411      -0.041610      0.000008
20050412       0.017653      0.005545
20050413      -0.037975     -0.011762
20050414      -0.092105     -0.010002
20050415      -0.051261     -0.016720
20050418       0.007638      0.002941
20050419       0.041269      0.005934
20050420      -0.042599     -0.013255
20050421       0.047029      0.019736
20050422      -0.045186     -0.006750
20050425       0.041690      0.008662
20050426      -0.021363     -0.008915
20050427      -0.006632      0.004029
20050428      -0.011405     -0.011380
20050429       0.014631      0.011922
20050502       0.010261      0.004590
20050503      -0.006039     -0.000852
20050504       0.025960      0.012470
20050505      -0.012651     -0.002569
20050506       0.015267     -0.001092
20050509      -0.007250      0.006394
20050510      -0.014877     -0.010705
20050511      -0.022240      0.004193
20050512      -0.041561     -0.010033
20050513       0.018752     -0.004580
20050516       0.022433      0.010086
20050517      -0.005345      0.006957
20050518       0.013575      0.010019
20050519       0.047712      0.004656
20050520       0.000000     -0.001511
20050523       0.058855      0.003851
20050524      -0.001509      0.000176
20050525       0.002015     -0.003400
20050526       0.024133      0.006395
20050527      -0.004418      0.000969
20050531      -0.019741     -0.006073
20050601       0.013599      0.009039
20050602      -0.006452      0.001680
20050603      -0.044955     -0.006867
20050606      -0.008368      0.001246
20050607      -0.036392     -0.000209
20050608       0.010399     -0.002163
20050609       0.019773      0.005240
20050610      -0.048871     -0.002348
20050613       0.002513      0.002262
20050614       0.002785      0.002573
20050615       0.031389      0.002218
20050616       0.022892      0.003630
20050617       0.008689      0.004955
20050620      -0.018272     -0.000707
20050621       0.006647     -0.002048
20050622       0.018225      0.000222
20050623       0.008820     -0.010833
20050624      -0.029056     -0.007629
20050627      -0.017479     -0.000739
20050628       0.005660      0.009138
20050629      -0.025194     -0.001431
20050630       0.012098     -0.007101
20050701      -0.008422      0.002611
20050705       0.040548      0.008833
20050706      -0.015534     -0.008340
20050707       0.006419      0.002452
20050708       0.016476      0.011679
20050711      -0.003922      0.006255
20050712       0.003675      0.002272
20050713       0.002876      0.000884
20050714       0.062582      0.002624
20050715       0.019632      0.001158
20050718      -0.001444     -0.005530
20050719       0.040974      0.006731
20050720       0.010188      0.004759
20050721      -0.007793     -0.006606
20050722       0.016401      0.005411
20050725      -0.004318     -0.003769
20050726      -0.004109      0.001733
20050727       0.008251      0.004573
20050728      -0.004319      0.005603
20050729      -0.026256     -0.007671
20050801       0.002345      0.000948
20050802       0.010292      0.007099
20050803       0.000695      0.000739
20050804      -0.011800     -0.007373
20050805       0.006556     -0.007638
20050808      -0.007909     -0.002683
20050809       0.027433      0.006745
20050810      -0.010041     -0.001827
20050811       0.014292      0.007062
20050812       0.047727     -0.005994
20050815       0.034273      0.002828
20050816      -0.029992     -0.011776
20050817       0.019459      0.000738
20050818      -0.018028     -0.001000
20050819      -0.010151      0.000566
20050822       0.000873      0.001656
20050823      -0.002834     -0.003405
20050824       0.000656     -0.006554
20050825       0.006336      0.002315
20050826      -0.006947     -0.006013
20050829       0.002186      0.005958
20050830       0.015925     -0.003192
20050831       0.006871      0.009864
20050901      -0.013436      0.001033
20050902      -0.000865     -0.002922
20050906       0.055820      0.012619
20050907      -0.002459      0.002408
20050908       0.022597     -0.003793
20050909       0.030735      0.007965
20050912       0.001754     -0.000741
20050913      -0.011284     -0.007545
20050914      -0.023810     -0.003281
20050915       0.005241      0.000464
20050916       0.026870      0.008292
20050919       0.027924     -0.005566
20050920       0.010448     -0.007863
20050921      -0.020305     -0.009121
20050922      -0.004030      0.003652
20050923       0.025048      0.000552
20050926       0.012030      0.000280
20050927      -0.007429      0.000025
20050928      -0.044162      0.001012
20050929       0.024667      0.008867
20050930       0.024264      0.000920
20051003       0.015482     -0.001717
20051004      -0.012674     -0.009970
20051005      -0.018045     -0.014887
20051006      -0.020464     -0.004096
20051007      -0.007737      0.003701
20051010      -0.018129     -0.007166
20051011       0.024221     -0.002072
20051012      -0.045358     -0.006068
20051013       0.091168     -0.000713
20051014       0.004838      0.008268
20051017      -0.010370      0.002975
20051018      -0.023016     -0.010050
20051019       0.052289      0.014956
20051020       0.021842     -0.015020
20051021      -0.008550      0.001520
20051024       0.020302      0.016777
20051025      -0.012150     -0.002368
20051026       0.016578     -0.004312
20051027      -0.028406     -0.010475
20051028      -0.016964      0.016549
20051031       0.057279      0.007176
20051101      -0.001563     -0.003521
20051102       0.042609      0.009977
20051103       0.031691      0.004264
20051104      -0.011316      0.000164
20051107      -0.015045      0.002188
20051108      -0.005479     -0.003451
20051109       0.003506      0.001690
20051110       0.017801      0.008446
20051111       0.005884      0.003055
20051114      -0.001462     -0.000778
20051115       0.013507     -0.003850
20051116       0.042871      0.001790
20051117      -0.006620      0.009414
20051118       0.000620      0.004401
20051121       0.006196      0.005271
20051122       0.024015      0.005084
20051123       0.008870      0.003473
20051125       0.033229      0.002086
20051128       0.004615     -0.008508
20051129      -0.022395      0.000016
20051130      -0.004112     -0.006362
20051201       0.055737      0.012157
20051202       0.014384      0.000324
20051205      -0.011152     -0.002363
20051206       0.031050      0.001276
20051207      -0.001351     -0.005009
20051208       0.001758     -0.001217
20051209       0.003381      0.002811
20051212       0.007796      0.000842
20051213       0.000934      0.005554
20051214      -0.039611      0.004190
20051215       0.002361     -0.001414
20051216      -0.014824     -0.002848
20051219       0.003797     -0.005839
20051220       0.010227     -0.000238
20051221       0.019276      0.002517
20051222       0.007075      0.004221
20051223      -0.009052      0.000426
20051227       0.011997     -0.009553
20051228      -0.008891      0.001297
20051229      -0.028816     -0.002981
20051230       0.006158     -0.004887
20060103       0.039783      0.016430
20060104       0.002943      0.003673
20060105      -0.007870      0.000016
20060106       0.025813      0.009399
20060109      -0.003277      0.003656
20060110       0.063248     -0.000357
20060111       0.037596      0.003481
20060112       0.004660     -0.006274
20060113       0.015410      0.001205
20060117      -0.010279     -0.003635
20060118      -0.026207     -0.003897
20060119      -0.041885      0.005564
20060120      -0.037275     -0.018326
20060123       0.020778      0.001847
20060124      -0.020986      0.002405
20060125      -0.024198     -0.001721
20060126      -0.025202      0.007235
20060127      -0.004148      0.007764
20060130       0.041233      0.001153
20060131       0.006800     -0.003984
20060201      -0.001192      0.001859
20060202      -0.044020     -0.009061
20060203      -0.003509     -0.005359
20060206      -0.063287      0.000783
20060207       0.004458     -0.008095
20060208       0.017899      0.008663
20060209      -0.056097     -0.001478
20060210       0.036336      0.002540
20060213      -0.038627     -0.003260
20060214       0.045356      0.010033
20060215       0.023283      0.003504
20060216       0.019503      0.007328
20060217      -0.003968     -0.001660
20060221      -0.017214     -0.003271
20060222       0.032426      0.007513
20060223       0.006029     -0.003775
20060224      -0.004042      0.001274
20060227      -0.006577      0.003637
20060228      -0.035216     -0.010401
20060301       0.008906      0.008261
20060302       0.007381     -0.001626
20060303      -0.027151     -0.001482
20060306      -0.033077     -0.006968
20060307       0.012676     -0.001862
20060308      -0.009802      0.002030
20060309      -0.026348     -0.004881
20060310      -0.011575      0.007349
20060313       0.039405      0.001990
20060314       0.024970      0.010396
20060315      -0.016191      0.004270
20060316      -0.028990      0.001773
20060317       0.005442      0.001471
20060320      -0.010362     -0.001660
20060321      -0.034068     -0.006015
20060322      -0.002265      0.006021
20060323      -0.024485     -0.002582
20060324      -0.003324      0.000983
20060327      -0.007505     -0.001028
20060328      -0.013443     -0.006438
20060329       0.061659      0.007470
20060330       0.006738     -0.002026
20060331      -0.000478     -0.004168
20060403      -0.001116      0.002301
20060404      -0.023623      0.006257
20060405       0.098741      0.004311
20060406       0.059961     -0.001921
20060407      -0.020354     -0.010343
20060410      -0.016048      0.000849
20060411      -0.009902     -0.007736
20060412      -0.018826      0.001205
20060413      -0.003613      0.000776
20060417      -0.024944     -0.002940
20060418       0.021740      0.017365
20060419      -0.008608      0.001744
20060420       0.030160      0.001168
20060421      -0.008724     -0.000137
20060424      -0.019242     -0.002417
20060425       0.006388     -0.004870
20060426       0.029923      0.002819
20060427       0.017755      0.003302
20060428       0.014850      0.000680
20060501      -0.011223     -0.004135
20060502       0.029023      0.006145
20060503      -0.006702     -0.004082
20060504      -0.000141      0.003364
20060505       0.010685      0.010295
20060508       0.000000     -0.000830
20060509      -0.011963      0.000362
20060510      -0.006054     -0.001728
20060511      -0.034703     -0.012798
20060512      -0.006603     -0.011241
20060515       0.001329      0.002525
20060516      -0.041452     -0.001869
20060517       0.004309     -0.016841
20060518      -0.031873     -0.006699
20060519       0.021051      0.004137
20060522      -0.017517     -0.003915
20060523      -0.003629     -0.004350
20060524       0.003009      0.001584
20060525       0.015630      0.011370
20060526      -0.012141      0.005719
20060530      -0.036649     -0.015873
20060531      -0.023685      0.008136
20060601       0.040154      0.012298
20060602      -0.008203      0.001952
20060605      -0.026922     -0.017800
20060606      -0.004617     -0.001138
20060607      -0.019390     -0.006092
20060608       0.037480      0.001417
20060609      -0.025016     -0.004476
20060612      -0.037812     -0.012697
20060613       0.023333     -0.010280
20060614      -0.012344      0.005189
20060615       0.030724      0.021235
20060616      -0.030650     -0.003678
20060619      -0.006254     -0.009109
20060620       0.004720     -0.000016
20060621       0.006786      0.009741
20060622       0.029727     -0.005271
20060623      -0.012588     -0.000883
20060626       0.002720      0.004869
20060627      -0.026445     -0.009084
20060628      -0.024552      0.005487
20060629       0.052660      0.021565
20060630      -0.028828     -0.002098
20060703       0.011874      0.007865
20060705      -0.016368     -0.007249
20060706      -0.021605      0.002494
20060707      -0.006634     -0.006750
20060710      -0.007220      0.001470
20060711       0.011818      0.004087
20060712      -0.048338     -0.010939
20060713      -0.013406     -0.012959
20060714      -0.030239     -0.004902
20060717       0.033550     -0.001383
20060718       0.010120      0.001920
20060719       0.022684      0.018555
20060720       0.118299     -0.008477
20060721       0.003636     -0.007077
20060724       0.011528      0.016625
20060725       0.008271      0.006321
20060726       0.031359     -0.000378
20060727      -0.007359     -0.004100
20060728       0.034543      0.012152
20060731       0.036134     -0.001478
20060801      -0.011477     -0.004496
20060802       0.014588      0.006004
20060803       0.020980      0.001345
20060804      -0.018537     -0.000711
20060807      -0.015959     -0.002806
20060808      -0.036155     -0.003363
20060809      -0.018370     -0.004349
20060810       0.007548      0.004629
20060811      -0.006555     -0.003986
20060814       0.004556      0.001160
20060815       0.039256      0.013696
20060816       0.023025      0.007662
20060817      -0.005737      0.001582
20060818       0.004735      0.003715
20060821      -0.019879     -0.003670
20060822       0.015926      0.001002
20060823      -0.004585     -0.004489
20060824       0.007428      0.002374
20060825       0.013862     -0.000748
20060828      -0.025745      0.005166
20060829      -0.007465      0.001920
20060830       0.007220     -0.000008
20060831       0.013292     -0.000345
20060901       0.007811      0.005515
20060905       0.045335      0.001709
20060906      -0.020285     -0.009891
20060907       0.039555     -0.004799
20060908      -0.003846      0.003787
20060911      -0.000276      0.000477
20060912       0.001793      0.010442
20060913       0.021616      0.003777
20060914      -0.000404     -0.001358
20060915      -0.000944      0.002727
20060918      -0.002834      0.000993
20060919      -0.001624     -0.002172
20060920       0.020198      0.005211
20060921      -0.008105     -0.005395
20060922      -0.022103     -0.002466
20060925       0.037671      0.008815
20060926       0.024554      0.007517
20060927      -0.015462      0.000187
20060928       0.007852      0.001915
20060929      -0.000390     -0.002464
20061002      -0.027540     -0.003391
20061003      -0.010419      0.002096
20061004       0.017549      0.012075
20061005      -0.007296      0.002222
20061006      -0.008152     -0.002690
20061009       0.005524      0.000800
20061010      -0.010988      0.002043
20061011      -0.007858     -0.002564
20061012       0.027721      0.009541
20061013      -0.003189      0.002047
20061016       0.005065      0.002512
20061017      -0.014721     -0.003652
20061018       0.003231      0.001400
20061019       0.059842      0.000732
20061020       0.012153      0.001200
20061023       0.018887      0.006152
20061024      -0.005033      0.000261
20061025       0.007773      0.003514
20061026       0.006244      0.004963
20061027      -0.021657     -0.008452
20061030       0.000124      0.000428
20061031       0.008207      0.000007
20061101      -0.023680     -0.007352
20061102      -0.002274     -0.000344
20061103      -0.008736     -0.002223
20061106       0.018138      0.011346
20061107       0.010036      0.002218
20061108       0.024096      0.002083
20061109       0.010794     -0.005333
20061110      -0.002640      0.001865
20061113       0.014798      0.002549
20061114       0.007706      0.006356
20061115      -0.011176      0.002405
20061116       0.018560      0.002284
20061117       0.002803      0.001029
20061120       0.007222     -0.000500
20061121       0.024633      0.001649
20061122       0.019300      0.002338
20061124       0.014616     -0.003656
20061127      -0.022809     -0.013598
20061128       0.025352      0.003488
20061129      -0.000109      0.009202
20061130      -0.001525      0.000822
20061201      -0.003709     -0.002799
20061204      -0.002190      0.008885
20061205       0.001646      0.004002
20061206      -0.015777     -0.001315
20061207      -0.031059     -0.003971
20061208       0.014017      0.001812
20061211       0.005552      0.002270
20061212      -0.029408     -0.001047
20061213       0.033782      0.001169
20061214      -0.005615      0.008689
20061215      -0.009373      0.001122
20061218      -0.025650     -0.003230
20061219       0.009828      0.002158
20061220      -0.017958     -0.001417
20061221      -0.021944     -0.003674
20061222      -0.008444     -0.005316
20061226      -0.008394      0.004352
20061227       0.000123      0.007015
20061228      -0.007973     -0.001479
20061229       0.049091     -0.004513
20070103      -0.012258     -0.001199
20070104       0.022196      0.001228
20070105      -0.007121     -0.006085
20070108       0.004938      0.002220
20070109       0.083070     -0.000517
20070110       0.047856      0.001940
20070111      -0.012371      0.006340
20070112      -0.012317      0.004853
20070116       0.026210      0.000818
20070117      -0.022142     -0.000894
20070118      -0.061927     -0.002971
20070119      -0.006399      0.002895
20070122      -0.019322     -0.005278
20070123      -0.012559      0.003542
20070124       0.011669      0.008501
20070125      -0.005190     -0.011270
20070126      -0.010087     -0.001208
20070129       0.006559     -0.001097
20070130      -0.004538      0.005772
20070131       0.002104      0.006593
20070201      -0.011548      0.005354
20070202       0.000118      0.001694
20070205      -0.009557     -0.000967
20070206       0.002502      0.000698
20070207       0.023767      0.001395
20070208       0.000348     -0.001179
20070209      -0.033767     -0.007077
20070212       0.019335     -0.003261
20070213      -0.002945      0.007597
20070214       0.007917      0.007644
20070215      -0.001055      0.001038
20070216      -0.004460     -0.000872
20070220       0.012613      0.002844
20070221       0.038417     -0.001404
20070222       0.003475     -0.000858
20070223      -0.004916     -0.003564
20070226      -0.004715     -0.001254
20070227      -0.053243     -0.034725
20070228       0.008102      0.005561
20070301       0.028956     -0.002595
20070302      -0.018952     -0.011403
20070305       0.010653     -0.009408
20070306       0.021665      0.015494
20070307      -0.005329     -0.002465
20070308       0.003192      0.007127
20070309      -0.000341      0.000685
20070312       0.021598      0.002673
20070313      -0.016357     -0.020368
20070314       0.018100      0.006691
20070315      -0.004778      0.003684
20070316       0.000223     -0.003828
20070319       0.017189      0.010894
20070320       0.003841      0.006334
20070321       0.026126      0.017081
20070322       0.000959     -0.000348
20070323      -0.004683      0.001094
20070326       0.024914      0.000968
20070327      -0.004069     -0.006184
20070328      -0.023256     -0.007966
20070329       0.005470      0.003740
20070330      -0.008960     -0.001174
20070402       0.007965      0.002597
20070403       0.009076      0.009280
20070404      -0.002434      0.001113
20070405       0.004349      0.003050
20070409      -0.010879      0.000589
20070410       0.006407      0.002617
20070411      -0.017613     -0.006573
20070412      -0.004320      0.006206
20070413      -0.021152      0.003488
20070416       0.013187      0.010751
20070417      -0.011812      0.002050
20070418       0.000553      0.000693
20070419      -0.001438     -0.001202
20070420       0.007755      0.009261
20070423       0.027921     -0.002304
20070424      -0.002887     -0.000351
20070425       0.022608      0.010139
20070426       0.036624     -0.000782
20070427       0.010927     -0.000120
20070430      -0.001201     -0.007831
20070501      -0.003307      0.002651
20070502       0.009249      0.006472
20070503       0.000100      0.004325
20070504       0.004084      0.002150
20070507       0.030850      0.002564
20070508       0.010970     -0.001166
20070509       0.017323      0.003223
20070510       0.004304     -0.013956
20070511       0.013043      0.009641
20070514       0.005702     -0.001793
20070515      -0.016825     -0.001304
20070516      -0.001674      0.008626
20070517       0.019564     -0.000918
20070518       0.005300      0.006610
20070521       0.017815      0.001543
20070522       0.013931     -0.000643
20070523      -0.005725     -0.001207
20070524      -0.019488     -0.009703
20070525       0.026470      0.005453
20070529       0.006425      0.001570
20070530       0.038653      0.007984
20070531       0.020384      0.000255
20070601      -0.023030      0.003737
20070604       0.024747      0.001849
20070605       0.011044     -0.005347
20070606       0.007907     -0.008864
20070607       0.003470     -0.017570
20070608       0.003393      0.011370
20070611      -0.034541      0.000962
20070612       0.001581     -0.010682
20070613      -0.023924      0.015184
20070614       0.010638      0.004816
20070615       0.014737      0.006527
20070618       0.038091     -0.001213
20070619      -0.011432      0.001731
20070620      -0.017063     -0.013601
20070621       0.019334      0.006180
20070622      -0.007264     -0.012896
20070625      -0.005366     -0.003208
20070626      -0.021988     -0.003238
20070627       0.018721      0.009009
20070628      -0.010911     -0.000418
20070629       0.012276     -0.001567
20070702      -0.006391      0.010696
20070703       0.048738      0.003580
20070705       0.043878      0.000348
20070706      -0.003390      0.003304
20070709      -0.014890      0.000921
20070710       0.015498     -0.014185
20070711       0.000302      0.005721
20070712       0.012689      0.019055
20070713       0.027300      0.003101
20070716       0.002686     -0.001919
20070717       0.005865     -0.000097
20070718      -0.005686     -0.002065
20070719       0.013611      0.004469
20070720       0.026786     -0.012221
20070723      -0.000348      0.004869
20070724      -0.061309     -0.019804
20070725       0.017571      0.004666
20070726       0.063675     -0.023339
20070727      -0.014726     -0.015992
20070730      -0.016823      0.010254
20070731      -0.068373     -0.012647
20070801       0.024590      0.007243
20070802       0.011037      0.004359
20070803      -0.033996     -0.026586
20070806       0.025788      0.024151
20070807      -0.001626      0.006159
20070808      -0.007555      0.014072
20070809      -0.056861     -0.029650
20070810      -0.010998      0.000379
20070813       0.022320     -0.000495
20070814      -0.029423     -0.018157
20070815      -0.033298     -0.013908
20070816      -0.023770      0.003249
20070817       0.042802      0.024567
20070820       0.001311     -0.000270
20070821       0.043774      0.001086
20070822       0.038724      0.011713
20070823      -0.010867     -0.001072
20070824       0.032273      0.011535
20070827      -0.022543     -0.008504
20070828      -0.041059     -0.023473
20070829       0.057247      0.021922
20070830       0.016184     -0.004181
20070831       0.016367      0.011217
20070904       0.041017      0.010468
20070905      -0.051332     -0.011501
20070906      -0.012796      0.004252
20070907      -0.023998     -0.016908
20070910       0.037490     -0.001273
20070911      -0.008924      0.013632
20070912       0.010038      0.000048
20070913       0.002557      0.008420
20070914       0.011735      0.000202
20070917      -0.002882     -0.005120
20070918       0.018134      0.029208
20070919      -0.001065      0.006086
20070920      -0.003267     -0.006723
20070921       0.027368      0.004609
20070924       0.028651     -0.005256
20070925       0.033046     -0.000343
20070926      -0.002677      0.005411
20070927       0.011324      0.003907
20070928      -0.006667     -0.003023
20071001       0.018694      0.013290
20071002       0.013503     -0.000265
20071003      -0.003344     -0.004552
20071004      -0.010639      0.002111
20071005       0.033345      0.009560
20071008       0.040013     -0.003217
20071009      -0.000298      0.008096
20071010      -0.006374     -0.001712
20071011      -0.027340     -0.005158
20071012       0.030967      0.004754
20071015      -0.001636     -0.008381
20071016       0.015571     -0.006573
20071017       0.018693      0.001761
20071018       0.004342     -0.000753
20071019      -0.017752     -0.025616
20071022       0.023119      0.003798
20071023       0.067676      0.008803
20071024      -0.001236     -0.002441
20071025      -0.016942     -0.000976
20071026       0.010504      0.013788
20071029       0.002112      0.003713
20071030       0.010319     -0.006463
20071031       0.015775      0.011992
20071101      -0.013214     -0.026423
20071102       0.002294      0.000802
20071105      -0.008996     -0.004955
20071106       0.030132      0.012049
20071107      -0.028626     -0.029370
20071108      -0.058151     -0.000576
20071109      -0.057540     -0.014287
20071112      -0.070206     -0.009988
20071113       0.105359      0.029093
20071114      -0.022652     -0.007069
20071115      -0.010896     -0.013212
20071116       0.012721      0.005230
20071119      -0.014664     -0.017460
20071120       0.029887      0.004486
20071121      -0.002310     -0.015927
20071123       0.018283      0.016891
20071126       0.005841     -0.023239
20071127       0.013145      0.014930
20071128       0.030948      0.028560
20071129       0.022583      0.000477
20071130      -0.011232      0.007770
20071203      -0.018439     -0.005887
20071204       0.005311     -0.006540
20071205       0.031645      0.015190
20071206       0.024004      0.015037
20071207       0.022886     -0.001778
20071210      -0.000463      0.007510
20071211      -0.029193     -0.025271
20071212       0.012303      0.006050
20071213       0.005082      0.001224
20071214      -0.007507     -0.013746
20071217      -0.031462     -0.015021
20071218      -0.007701      0.006280
20071219       0.000765     -0.001361
20071220       0.022335      0.004900
20071221       0.035789      0.016670
20071224       0.025218      0.008077
20071226       0.000754      0.000809
20071227      -0.001910     -0.014216
20071228       0.006345      0.001436
20071231      -0.008757     -0.006852
