 date     Mom   
192701   0.23
192702  -1.53
192703   3.22
192704   4.28
192705   3.33
192706   0.64
192707   3.99
192708   1.32
192709   1.63
192710  -1.34
192711  -0.48
192712   3.09
192801  -0.23
192802  -1.35
192803   4.99
192804  -4.04
192805   1.78
192806   2.03
192807   2.42
192808   3.92
192809   4.03
192810   4.38
192811   1.34
192812   1.59
192901   2.16
192902   3.16
192903  -0.61
192904   2.05
192905  -2.60
192906   9.28
192907   3.41
192908   5.71
192909   1.57
192910   4.05
192911  -0.91
192912   3.90
193001  -4.58
193002   0.98
193003  -4.26
193004   3.44
193005   0.11
193006   6.39
193007  -2.69
193008   3.60
193009  11.74
193010   6.95
193011  -1.19
193012  13.58
193101 -10.03
193102 -14.49
193103   9.42
193104  11.46
193105   9.23
193106 -17.44
193107   8.01
193108  -3.82
193109   9.93
193110   2.92
193111   7.68
193112  14.68
193201 -10.47
193202   2.12
193203  10.75
193204   7.08
193205  13.05
193206   3.80
193207 -44.84
193208 -50.63
193209   1.49
193210   4.31
193211  -2.85
193212   5.00
193301  -0.68
193302   4.48
193303   3.01
193304 -15.48
193305  -5.45
193306   3.12
193307   0.53
193308   7.23
193309   1.69
193310  -2.46
193311   6.01
193312   3.25
193401  -3.48
193402  -0.67
193403  -1.07
193404  -5.16
193405  -3.34
193406  -0.25
193407   8.86
193408   2.98
193409  -0.07
193410   6.58
193411   4.97
193412   4.98
193501   3.40
193502  13.57
193503   2.29
193504  -4.79
193505  -3.92
193506   3.15
193507  -4.67
193508  -8.35
193509   8.66
193510   2.28
193511  -5.23
193512   3.58
193601  -4.05
193602   2.61
193603   1.40
193604  -7.75
193605   2.82
193606   0.55
193607   3.36
193608   0.57
193609   0.87
193610   1.41
193611   2.11
193612   2.18
193701  -1.51
193702   3.41
193703   2.39
193704  -3.50
193705   0.56
193706   1.28
193707  -0.34
193708  -1.55
193709  -6.88
193710  -1.27
193711   0.20
193712   4.00
193801  -0.82
193802  -3.00
193803  16.06
193804  -9.06
193805   6.71
193806 -24.25
193807  -5.27
193808   3.60
193809   2.35
193810  -7.73
193811   3.48
193812   1.77
193901  -3.07
193902   3.30
193903  -1.47
193904   2.97
193905   3.96
193906   1.51
193907  -0.36
193908   5.64
193909 -30.56
193910   6.56
193911  -0.06
193912   5.14
194001   1.56
194002   1.74
194003  -0.17
194004   3.34
194005   3.00
194006  -2.37
194007   0.59
194008  -1.87
194009  -0.30
194010  -5.96
194011   1.57
194012   3.31
194101  -4.83
194102   0.83
194103   2.10
194104   3.00
194105   2.74
194106  -0.68
194107  -2.43
194108   0.27
194109  -1.64
194110   5.34
194111   3.92
194112   0.34
194201  -3.72
194202  -0.85
194203  -0.59
194204  -0.55
194205  -4.82
194206  -1.52
194207   0.86
194208  -0.13
194209  -0.09
194210  -3.64
194211  -1.08
194212   3.33
194301  -0.35
194302  -1.89
194303   4.49
194304   6.47
194305   5.30
194306  -1.43
194307  -4.65
194308   0.52
194309   1.93
194310  -0.12
194311  -4.77
194312   6.20
194401   0.67
194402   0.39
194403   2.80
194404   0.48
194405   2.03
194406  -5.12
194407   0.12
194408   4.62
194409  -1.39
194410  -1.33
194411   1.47
194412   3.26
194501   0.05
194502   2.99
194503  -3.05
194504   4.24
194505   0.03
194506   4.02
194507  -2.42
194508  -1.93
194509   1.35
194510   0.08
194511   4.24
194512   1.42
194601   4.07
194602  -1.80
194603   2.46
194604   2.57
194605  -0.59
194606  -2.34
194607  -0.09
194608  -0.15
194609   1.11
194610   0.69
194611   0.08
194612   0.25
194701  -6.17
194702  -0.57
194703   4.06
194704   4.82
194705   3.31
194706  -1.79
194707  -3.16
194708   3.51
194709  -0.06
194710   1.36
194711   4.37
194712   3.57
194801  -4.17
194802   1.52
194803  -0.17
194804   4.07
194805   2.38
194806   3.99
194807  -1.54
194808   0.25
194809  -1.26
194810   2.76
194811   0.81
194812   4.63
194901  -2.91
194902  -0.47
194903  -0.85
194904   3.05
194905   3.17
194906  -1.19
194907  -1.54
194908   1.67
194909  -1.46
194910  -0.06
194911   1.29
194912  -0.77
195001  -2.30
195002   1.35
195003   1.53
195004   0.39
195005   0.37
195006  -1.68
195007  -0.43
195008   3.21
195009  -0.07
195010   1.42
195011   3.67
195012   4.90
195101   2.02
195102  -1.67
195103  -2.99
195104   6.03
195105  -0.88
195106  -2.42
195107   7.29
195108   0.89
195109   0.49
195110  -0.33
195111   0.67
195112   1.72
195201   1.40
195202  -0.76
195203   1.62
195204  -2.10
195205   0.50
195206   1.51
195207  -0.51
195208   0.31
195209   1.76
195210   2.75
195211   0.47
195212   1.52
195301   0.70
195302   0.87
195303   0.10
195304   1.86
195305   0.94
195306  -0.02
195307  -0.25
195308   2.19
195309   2.88
195310   0.29
195311   1.90
195312   5.19
195401  -5.75
195402   1.02
195403   2.15
195404   4.95
195405  -1.95
195406   3.47
195407   0.66
195408  -0.79
195409   1.71
195410   0.96
195411   1.90
195412  -1.35
195501   1.33
195502   1.10
195503   1.05
195504  -0.09
195505   0.59
195506   4.69
195507  -1.24
195508   1.78
195509   1.79
195510  -0.51
195511   2.71
195512  -1.29
195601  -1.52
195602   1.99
195603   3.67
195604   2.52
195605  -1.69
195606   2.77
195607   2.48
195608  -0.49
195609  -0.71
195610   2.44
195611   3.43
195612   3.83
195701  -3.11
195702   0.31
195703  -0.20
195704   0.95
195705   0.49
195706   0.80
195707   0.12
195708   0.39
195709   0.59
195710   1.82
195711   1.28
195712   7.76
195801  -7.64
195802   3.76
195803  -1.95
195804   1.85
195805  -1.86
195806  -0.87
195807  -3.60
195808   0.21
195809  -1.13
195810   3.18
195811   1.58
195812  -0.73
195901  -0.22
195902   3.40
195903   0.12
195904   3.14
195905   1.49
195906   2.91
195907  -0.32
195908  -0.96
195909   0.81
195910   3.49
195911   2.30
195912   0.94
196001  -3.42
196002   3.90
196003   1.48
196004   2.84
196005   4.80
196006   0.97
196007  -0.81
196008   1.86
196009   0.30
196010   1.26
196011   3.66
196012   1.46
196101  -4.02
196102   1.02
196103   4.07
196104   3.47
196105  -1.56
196106   0.26
196107   0.25
196108   1.62
196109   0.74
196110   3.19
196111   1.32
196112  -2.24
196201  -2.05
196202  -0.96
196203   1.83
196204   2.88
196205   0.33
196206   6.42
196207   0.72
196208  -0.59
196209   3.96
196210   0.72
196211  -7.15
196212   5.81
196301  -2.11
196302   2.50
196303   1.58
196304  -0.08
196305   0.37
196306   1.18
196307   0.99
196308   1.08
196309   0.13
196310   3.14
196311  -0.75
196312   1.69
196401   1.10
196402   0.25
196403   0.71
196404  -0.59
196405   2.56
196406   0.49
196407  -0.32
196408  -0.21
196409  -0.39
196410   0.18
196411   1.10
196412  -0.71
196501  -1.31
196502   0.28
196503   0.09
196504   2.54
196505   0.54
196506  -3.13
196507   4.09
196508   2.58
196509   3.32
196510   3.44
196511   4.41
196512   0.13
196601   5.39
196602   4.54
196603   1.35
196604   6.21
196605  -4.72
196606   3.34
196607  -1.41
196608  -2.09
196609  -1.77
196610  -5.14
196611   5.73
196612   1.07
196701  -6.75
196702   3.56
196703   1.43
196704   0.62
196705   0.59
196706   6.04
196707  -1.09
196708  -1.42
196709   2.55
196710   3.64
196711   1.29
196712   3.23
196801  -4.64
196802  -3.40
196803   3.18
196804   5.15
196805   3.73
196806  -1.92
196807  -0.85
196808   1.88
196809  -0.66
196810  -1.50
196811   1.66
196812   0.10
196901  -0.15
196902  -2.49
196903   3.96
196904   1.18
196905   1.67
196906  -2.23
196907   1.63
196908   2.14
196909   2.49
196910  -4.36
196911   3.61
196912   5.03
197001   0.63
197002   0.11
197003  -0.28
197004  -0.70
197005  -2.68
197006   5.78
197007  -2.96
197008  -6.49
197009  -8.92
197010   9.61
197011   2.88
197012  -2.22
197101  -6.59
197102   0.81
197103  -1.21
197104   1.32
197105   0.89
197106   2.71
197107  -2.36
197108   3.51
197109   2.09
197110   0.46
197111   1.47
197112  -0.66
197201   0.24
197202   2.70
197203   2.91
197204   2.87
197205   3.16
197206   1.94
197207   2.75
197208  -5.36
197209   1.76
197210   0.73
197211  -5.20
197212   4.99
197301   3.73
197302   2.11
197303   3.62
197304   6.35
197305   7.10
197306   4.32
197307 -11.50
197308   3.44
197309  -7.04
197310   6.74
197311   8.64
197312  10.29
197401  -8.79
197402   0.13
197403  -0.99
197404   2.00
197405  -0.25
197406   2.42
197407   3.01
197408   3.03
197409   4.32
197410  -0.52
197411   2.23
197412   2.94
197501 -13.80
197502  -0.58
197503  -1.97
197504   1.46
197505  -0.48
197506   0.06
197507   0.43
197508  -0.15
197509   0.33
197510  -0.12
197511  -0.46
197512  -0.12
197601   4.47
197602   0.36
197603   0.18
197604   0.51
197605  -1.11
197606  -0.43
197607  -0.10
197608  -0.85
197609   0.24
197610  -0.46
197611   2.94
197612   0.77
197701   3.96
197702   0.38
197703   0.49
197704   4.24
197705   2.02
197706   1.78
197707   0.33
197708  -1.74
197709   2.06
197710  -0.13
197711   2.23
197712   1.57
197801  -0.72
197802   1.90
197803   1.34
197804   0.84
197805   2.85
197806   2.78
197807   4.23
197808   2.87
197809  -3.14
197810  -8.38
197811   5.48
197812   3.05
197901  -1.26
197902  -1.08
197903   2.91
197904   0.81
197905  -0.38
197906   0.84
197907  -1.07
197908  -0.24
197909   5.33
197910   2.15
197911   7.95
197912   4.76
198001   7.47
198002   7.90
198003  -9.61
198004  -0.43
198005  -1.13
198006   1.59
198007   0.36
198008   3.20
198009   5.44
198010   7.33
198011  15.21
198012  -6.63
198101  -7.91
198102  -1.39
198103   0.78
198104  -0.96
198105   3.73
198106  -5.90
198107  -2.53
198108  -1.11
198109   1.93
198110   4.06
198111  -0.26
198112   1.32
198201   1.71
198202   4.94
198203   2.98
198204  -0.41
198205   2.53
198206   4.99
198207   4.47
198208  -3.52
198209   4.18
198210   0.05
198211   5.89
198212   0.03
198301  -1.67
198302   3.80
198303   0.92
198304   1.80
198305  -1.48
198306   1.78
198307  -3.12
198308  -5.44
198309  -0.11
198310  -4.56
198311  -0.11
198312   0.79
198401  -2.52
198402   0.17
198403   1.10
198404   2.08
198405   1.53
198406  -0.70
198407   2.93
198408  -5.74
198409   3.66
198410   3.23
198411   1.70
198412   1.50
198501  -6.93
198502   1.82
198503   1.69
198504   3.05
198505   3.97
198506   3.63
198507  -3.92
198508   1.79
198509   1.48
198510   4.87
198511  -0.39
198512  -0.13
198601   2.97
198602   2.76
198603   2.45
198604  -0.50
198605   2.03
198606   5.15
198607   1.80
198608  -5.02
198609  -5.86
198610   2.70
198611  -0.31
198612   0.37
198701   2.07
198702  -2.16
198703   1.60
198704   0.26
198705  -0.69
198706  -0.20
198707   2.69
198708  -0.89
198709   0.61
198710  -7.92
198711  -1.17
198712   5.78
198801  -7.63
198802  -1.54
198803   0.64
198804   2.25
198805   0.50
198806  -2.91
198807   0.64
198808   0.32
198809   0.24
198810   1.32
198811   0.41
198812   0.28
198901  -0.14
198902   0.87
198903   3.56
198904   1.70
198905   1.54
198906   0.65
198907   5.39
198908  -0.14
198909   3.39
198910   1.43
198911   2.57
198912   2.78
199001  -3.36
199002  -0.53
199003   1.68
199004   2.47
199005   3.02
199006   2.41
199007   5.95
199008   1.79
199009   5.52
199010   6.73
199011  -5.69
199012   0.01
199101  -6.52
199102  -4.83
199103   2.73
199104  -2.42
199105  -0.12
199106   0.40
199107   4.34
199108   1.59
199109   1.74
199110   3.21
199111   1.26
199112   8.30
199201  -2.47
199202  -0.66
199203  -0.35
199204  -2.60
199205   0.11
199206  -0.61
199207   1.43
199208  -0.51
199209   1.44
199210   2.74
199211  -0.32
199212   4.47
199301   4.82
199302   3.11
199303   3.74
199304   0.33
199305   0.28
199306   4.59
199307   3.24
199308   2.58
199309   3.31
199310  -2.70
199311  -4.71
199312   2.37
199401   0.09
199402  -0.27
199403  -1.31
199404   0.39
199405  -2.22
199406  -0.83
199407   0.18
199408   1.54
199409   1.29
199410   1.48
199411  -0.19
199412   3.51
199501  -1.82
199502  -0.33
199503   0.38
199504   1.85
199505  -0.43
199506   2.92
199507   2.57
199508  -0.02
199509   2.63
199510   4.14
199511  -0.60
199512   2.56
199601   0.55
199602   0.58
199603  -1.89
199604  -0.93
199605   1.55
199606   0.95
199607  -0.14
199608  -0.12
199609   2.70
199610   3.82
199611  -2.39
199612   0.60
199701   1.95
199702  -2.02
199703   0.98
199704   4.81
199705  -5.20
199706   2.67
199707   3.84
199708  -2.53
199709   1.46
199710  -0.44
199711   0.29
199712   3.84
199801   0.08
199802  -1.10
199803   2.14
199804   0.78
199805   1.86
199806   7.26
199807   3.69
199808   1.91
199809  -0.61
199810  -5.36
199811   1.18
199812   9.03
199901   3.02
199902  -0.13
199903  -1.36
199904  -9.14
199905  -5.25
199906   4.96
199907   1.60
199908   3.06
199909   6.49
199910   5.48
199911   5.57
199912  13.20
200001   1.90
200002  18.40
200003  -6.85
200004  -8.47
200005  -9.10
200006  16.55
200007  -0.08
200008   5.77
200009   2.18
200010  -4.70
200011  -2.49
200012   6.83
200101 -25.01
200102  12.56
200103   8.40
200104  -8.12
200105   2.13
200106   0.30
200107   5.58
200108   5.61
200109  11.54
200110  -8.42
200111  -8.62
200112   0.01
200201   3.73
200202   6.81
200203  -1.68
200204   7.92
200205   3.05
200206   6.19
200207   3.40
200208   1.73
200209   9.14
200210  -5.49
200211 -16.31
200212   9.65
200301   1.56
200302   1.22
200303   1.51
200304  -9.44
200305 -10.77
200306  -0.97
200307  -0.29
200308  -0.54
200309  -0.07
200310   3.88
200311   1.59
200312  -5.69
200401   2.58
200402  -1.13
200403   0.19
200404  -5.38
200405   1.65
200406   2.08
200407  -2.31
200408  -1.52
200409   5.26
200410  -1.50
200411   3.22
200412  -2.83
200501   3.12
200502   3.24
200503   0.92
200504  -0.83
200505   0.43
200506   2.06
200507   0.04
200508   2.21
200509   3.47
200510  -1.29
200511   0.37
200512   0.76
200601   2.75
200602  -1.80
200603   1.23
200604   0.66
200605  -3.72
200606   1.48
200607  -2.18
200608  -3.46
200609  -0.94
200610  -0.23
200611  -1.01
200612   0.83
200701   0.26
200702  -1.32
200703   2.49
200704  -0.17
200705  -0.32
200706   0.25
200707   2.79
200708   0.11
200709   4.61
200710   4.89
200711   0.89
200712   6.51
200801  -7.84
200802   6.14
200803   4.14
200804  -0.21
200805   3.20
200806  12.52
200807  -5.15
200808  -3.81
200809   0.39
200810   7.81
200811   7.18
200812  -5.03
200901  -1.92
200902   4.25
200903 -11.51
200904 -34.75
200905 -12.49
200906   5.37
200907  -5.51
200908  -8.87
200909  -4.97
200910   2.65
200911   0.41
200912   2.94
201001  -5.34
201002   3.61
201003   3.72
201004   3.20
201005  -0.26
201006  -2.88
201007   1.68
201008  -0.12
201009   1.33
201010   1.55
201011   2.43
201012  -3.08
201101  -0.23
201102   1.99
201103   3.55
201104   0.06
201105  -0.57
201106   1.71
201107   0.10