date           return        level 
19260130      0.022472       12.74
19260227     -0.043956       12.18
19260331     -0.059113       11.46
19260430      0.022688       11.72
19260528      0.007679       11.81
19260630      0.043184       12.32
19260731      0.045455       12.88
19260831      0.017081       13.10
19260930      0.022901       13.40
19261030     -0.031343       12.98
19261130      0.022342       13.27
19261231      0.016579       13.49
19270131     -0.020756       13.21
19270228      0.047691       13.84
19270331      0.006503       13.93
19270430      0.017229       14.17
19270531      0.052223       14.91
19270630     -0.009390       14.77
19270730      0.064997       15.73
19270831      0.044501       16.43
19270930      0.043214       17.14
19271031     -0.053092       16.23
19271130      0.067776       17.33
19271231      0.019042       17.66
19280131     -0.005096       17.57
19280229     -0.017644       17.26
19280331      0.108343       19.13
19280430      0.032410       19.75
19280531      0.012658       20.00
19280630     -0.040500       19.19
19280731      0.012507       19.43
19280831      0.074112       20.87
19280929      0.023958       21.37
19281031      0.014506       21.68
19281130      0.119926       24.28
19281231      0.002883       24.35
19290131      0.057084       25.74
19290228     -0.005828       25.59
19290328     -0.002345       25.53
19290430      0.016060       25.94
19290531     -0.042791       24.83
19290629      0.112364       27.62
19290731      0.045619       28.88
19290830      0.097992       31.71
19290930     -0.048880       30.16
19291031     -0.199271       24.15
19291127     -0.133747       20.92
19291231      0.025335       21.45
19300131      0.062471       22.79
19300228      0.021501       23.28
19300331      0.079897       25.14
19300430     -0.009547       24.90
19300529     -0.016466       24.49
19300630     -0.164557       20.46
19300731      0.036657       21.21
19300829      0.007544       21.37
19300930     -0.130089       18.59
19301031     -0.088757       16.94
19301129     -0.021842       16.57
19301231     -0.074231       15.34
19310131      0.048892       16.09
19310228      0.114357       17.93
19310331     -0.069158       16.69
19310430     -0.095866       15.09
19310529     -0.137177       13.02
19310630      0.139017       14.83
19310731     -0.074174       13.73
19310831      0.009468       13.86
19310930     -0.299423        9.71
19311031      0.084449       10.53
19311130     -0.097816        9.50
19311231     -0.145263        8.12
19320130     -0.028325        7.89
19320229      0.050697        8.29
19320331     -0.118215        7.31
19320430     -0.202462        5.83
19320531     -0.233276        4.47
19320630     -0.008949        4.43
19320730      0.376975        6.10
19320831      0.375410        8.39
19320930     -0.036949        8.08
19321031     -0.138614        6.96
19321130     -0.058908        6.55
19321231      0.051908        6.89
19330131      0.007257        6.94
19330228     -0.184438        5.66
19330331      0.033569        5.85
19330429      0.422222        8.32
19330531      0.158654        9.64
19330630      0.131743       10.91
19330731     -0.087993        9.95
19330831      0.114573       11.09
19330930     -0.113616        9.83
19331031     -0.088505        8.96
19331129      0.102679        9.88
19331230      0.022267       10.10
19340131      0.105941       11.17
19340228     -0.036705       10.76
19340331     -0.000929       10.75
19340430     -0.026977       10.46
19340531     -0.081262        9.61
19340630      0.020812        9.81
19340731     -0.115189        8.68
19340831      0.054147        9.15
19340929     -0.005464        9.10
19341031     -0.031868        8.81
19341130      0.082860        9.54
19341231     -0.004193        9.50
19350131     -0.042105        9.10
19350228     -0.039560        8.74
19350330     -0.030892        8.47
19350430      0.095632        9.28
19350531      0.032328        9.58
19350629      0.067850       10.23
19350731      0.083089       11.08
19350831      0.021661       11.32
19350930      0.023852       11.59
19351031      0.075065       12.46
19351130      0.039326       12.95
19351231      0.037066       13.43
19360131      0.065525       14.31
19360229      0.016771       14.55
19360331      0.025430       14.92
19360430     -0.077078       13.77
19360529      0.045752       14.40
19360630      0.030556       14.84
19360731      0.068059       15.85
19360831      0.008833       15.99
19360930      0.001251       16.01
19361031      0.074953       17.21
19361130      0.004067       17.28
19361231     -0.005787       17.18
19370130      0.037835       17.83
19370227      0.014582       18.09
19370331     -0.009397       17.92
19370430     -0.083147       16.43
19370528     -0.010347       16.26
19370630     -0.052891       15.40
19370731      0.102597       16.98
19370831     -0.055359       16.04
19370930     -0.142145       13.76
19371030     -0.101744       12.36
19371130     -0.101133       11.11
19371231     -0.050405       10.55
19380131      0.013270       10.69
19380228      0.060804       11.34
19380331     -0.250441        8.50
19380430      0.141176        9.70
19380531     -0.044330        9.27
19380630      0.247033       11.56
19380730      0.072664       12.40
19380831     -0.027419       12.06
19380930      0.014925       12.24
19381031      0.075980       13.17
19381130     -0.033409       12.73
19381231      0.037706       13.21
19390131     -0.068887       12.30
19390228      0.032520       12.70
19390331     -0.135433       10.98
19390429     -0.005464       10.92
19390531      0.062271       11.60
19390630     -0.063793       10.86
19390731      0.108656       12.04
19390831     -0.071429       11.18
19390930      0.164580       13.02
19391031     -0.014593       12.83
19391130     -0.049104       12.20
19391230      0.023770       12.49
19400131     -0.035228       12.05
19400229      0.006639       12.13
19400330      0.009893       12.25
19400430     -0.004898       12.19
19400531     -0.239541        9.27
19400629      0.076591        9.98
19400731      0.031062       10.29
19400831      0.026239       10.56
19400930      0.009470       10.66
19401031      0.039400       11.08
19401130     -0.042419       10.61
19401231     -0.002828       10.58
19410131     -0.048204       10.07
19410228     -0.014896        9.92
19410331      0.004032        9.96
19410430     -0.065261        9.31
19410531      0.004296        9.35
19410630      0.053476        9.85
19410731      0.054822       10.39
19410830     -0.008662       10.30
19410930     -0.009709       10.20
19411031     -0.068627        9.50
19411129     -0.042105        9.10
19411231     -0.045055        8.69
19420131      0.013809        8.81
19420228     -0.024972        8.59
19420331     -0.067520        8.01
19420430     -0.043695        7.66
19420529      0.063969        8.15
19420630      0.018405        8.30
19420731      0.031325        8.56
19420831      0.007009        8.62
19420930      0.026682        8.85
19421031      0.064407        9.42
19421130     -0.013800        9.29
19421231      0.051668        9.77
19430130      0.071648       10.47
19430227      0.050621       11.00
19430331      0.052727       11.58
19430430      0.000864       11.59
19430529      0.044866       12.11
19430630      0.019818       12.35
19430731     -0.054251       11.68
19430831      0.010274       11.80
19430930      0.023729       12.08
19431030     -0.013245       11.92
19431130     -0.075503       11.02
19431231      0.058984       11.67
19440131      0.015424       11.85
19440229     -0.002532       11.82
19440331      0.016920       12.02
19440429     -0.012479       11.87
19440531      0.040438       12.35
19440630      0.051012       12.98
19440731     -0.020801       12.71
19440831      0.008655       12.82
19440930     -0.003120       12.78
19441031      0.0            12.78
19441130      0.003912       12.83
19441230      0.035074       13.28
19450131      0.014307       13.47
19450228      0.061618       14.30
19450331     -0.046154       13.64
19450430      0.087977       14.84
19450531      0.011456       15.01
19450630     -0.003331       14.96
19450731     -0.020053       14.66
19450831      0.057981       15.51
19450929      0.041908       16.16
19451031      0.030322       16.65
19451130      0.032432       17.19
19451231      0.009889       17.36
19460131      0.069700       18.57
19460228     -0.069467       17.28
19460330      0.046296       18.08
19460430      0.037611       18.76
19460531      0.022388       19.18
19460628     -0.039103       18.43
19460731     -0.025502       17.96
19460830     -0.072940       16.65
19460930     -0.101501       14.96
19461031     -0.008021       14.84
19461130     -0.011456       14.67
19461231      0.042945       15.30
19470131      0.023529       15.66
19470228     -0.014687       15.43
19470331     -0.016850       15.17
19470430     -0.038893       14.58
19470529     -0.008916       14.45
19470630      0.052595       15.21
19470731      0.036160       15.76
19470829     -0.027919       15.32
19470930     -0.013708       15.11
19471031      0.021178       15.43
19471129     -0.028516       14.99
19471231      0.020680       15.30
19480131     -0.039869       14.69
19480228     -0.046971       14.00
19480331      0.077143       15.08
19480430      0.026525       15.48
19480528      0.078165       16.69
19480630      0.002996       16.74
19480730     -0.053166       15.85
19480831      0.007571       15.97
19480930     -0.030056       15.49
19481030      0.067786       16.54
19481130     -0.108222       14.75
19481231      0.030508       15.20
19490131      0.001316       15.22
19490228     -0.039422       14.62
19490331      0.030096       15.06
19490430     -0.021248       14.74
19490531     -0.037313       14.19
19490630     -0.002114       14.16
19490729      0.062147       15.04
19490831      0.011968       15.22
19490930      0.023653       15.58
19491031      0.029525       16.04
19491130      0.001247       16.06
19491231      0.043587       16.76
19500131      0.017303       17.05
19500228      0.009971       17.22
19500331      0.004065       17.29
19500429      0.045113       18.07
19500531      0.039292       18.78
19500630     -0.058040       17.69
19500731      0.008479       17.84
19500831      0.032511       18.42
19500929      0.055917       19.45
19501031      0.004113       19.53
19501130     -0.001024       19.51
19501230      0.046130       20.41
19510131      0.061244       21.66
19510228      0.006464       21.80
19510331     -0.018349       21.40
19510430      0.048131       22.43
19510531     -0.040571       21.52
19510629     -0.026022       20.96
19510731      0.068702       22.40
19510831      0.039286       23.28
19510928     -0.000859       23.26
19511031     -0.013758       22.94
19511130     -0.002616       22.88
19511231      0.038899       23.77
19520131      0.015566       24.14
19520229     -0.036454       23.26
19520331      0.047721       24.37
19520430     -0.043086       23.32
19520529      0.023156       23.86
19520630      0.046102       24.96
19520731      0.017628       25.40
19520829     -0.014567       25.03
19520930     -0.019577       24.54
19521031     -0.000815       24.52
19521128      0.046493       25.66
19521231      0.035464       26.57
19530130     -0.007151       26.38
19530227     -0.018196       25.90
19530331     -0.023552       25.29
19530430     -0.026493       24.62
19530529     -0.003249       24.54
19530630     -0.016300       24.14
19530731      0.025269       24.75
19530831     -0.057778       23.32
19530930      0.001286       23.35
19531030      0.050964       24.54
19531130      0.008965       24.76
19531231      0.002019       24.81
19540129      0.051189       26.08
19540226      0.002684       26.15
19540331      0.030210       26.94
19540430      0.048998       28.26
19540528      0.032909       29.19
19540630      0.000685       29.21
19540730      0.057172       30.88
19540831     -0.034003       29.83
19540930      0.083138       32.31
19541029     -0.019499       31.68
19541130      0.080808       34.24
19541231      0.050818       35.98
19550131      0.018066       36.63
19550228      0.003549       36.76
19550331     -0.004897       36.58
19550429      0.037726       37.96
19550531     -0.001317       37.91
19550630      0.082300       41.03
19550729      0.060687       43.52
19550831     -0.007813       43.18
19550930      0.011348       43.67
19551031     -0.030456       42.34
19551130      0.074870       45.51
19551230     -0.000659       45.48
19560131     -0.036500       43.82
19560229      0.034687       45.34
19560329      0.069255       48.48
19560430     -0.002063       48.38
19560531     -0.065730       45.20
19560629      0.039159       46.97
19560731      0.051522       49.39
19560831     -0.038064       47.51
19560928     -0.045464       45.35
19561031      0.005072       45.58
19561130     -0.010970       45.08
19561231      0.035271       46.67
19570131     -0.041783       44.72
19570228     -0.032648       43.26
19570329      0.019649       44.11
19570430      0.036953       45.74
19570531      0.036948       47.43
19570628     -0.001265       47.37
19570731      0.011400       47.91
19570830     -0.056147       45.22
19570930     -0.061919       42.42
19571031     -0.032060       41.06
19571129      0.016074       41.72
19571231     -0.041467       39.99
19580131      0.042761       41.70
19580228     -0.020623       40.84
19580331      0.030852       42.10
19580430      0.031829       43.44
19580529      0.014963       44.09
19580630      0.026083       45.24
19580731      0.043103       47.19
19580829      0.011867       47.75
19580930      0.048377       50.06
19581031      0.025370       51.33
19581128      0.022404       52.48
19581231      0.052020       55.21
19590130      0.003804       55.42
19590227     -0.000180       55.41
19590331      0.000541       55.44
19590430      0.038781       57.59
19590529      0.018927       58.68
19590630     -0.003579       58.47
19590731      0.034890       60.51
19590831     -0.015039       59.60
19590930     -0.045638       56.88
19591030      0.011252       57.52
19591130      0.013213       58.28
19591231      0.027625       59.89
19600129     -0.071464       55.61
19600229      0.009171       56.12
19600331     -0.013899       55.34
19600429     -0.017528       54.37
19600531      0.026853       55.83
19600630      0.019524       56.92
19600729     -0.024772       55.51
19600831      0.026121       56.96
19600930     -0.060393       53.52
19601031     -0.002429       53.39
19601130      0.040270       55.54
19601230      0.046273       58.11
19610131      0.063156       61.78
19610228      0.026870       63.44
19610330      0.025536       65.06
19610428      0.003843       65.31
19610531      0.019139       66.56
19610630     -0.028846       64.64
19610731      0.032797       66.76
19610831      0.019623       68.07
19610929     -0.019686       66.73
19611031      0.028323       68.62
19611130      0.039347       71.32
19611229      0.003225       71.55
19620131     -0.037876       68.84
19620228      0.016270       69.96
19620330     -0.005860       69.55
19620430     -0.061970       65.24
19620531     -0.085990       59.63
19620629     -0.081838       54.75
19620731      0.063562       58.23
19620831      0.015284       59.12
19620928     -0.048207       56.27
19621031      0.004443       56.52
19621130      0.101557       62.26
19621231      0.013492       63.10
19630131      0.049128       66.20
19630228     -0.028852       64.29
19630329      0.035464       66.57
19630430      0.048520       69.80
19630531      0.014327       70.80
19630628     -0.020198       69.37
19630731     -0.003460       69.13
19630830      0.048749       72.50
19630930     -0.011034       71.70
19631031      0.032218       74.01
19631129     -0.010539       73.23
19631231      0.024444       75.02
19640131      0.026926       77.04
19640228      0.009865       77.80
19640331      0.015167       78.98
19640430      0.006077       79.46
19640528      0.011452       80.37
19640630      0.016424       81.69
19640731      0.018240       83.18
19640831     -0.016230       81.83
19640930      0.028718       84.18
19641030      0.008078       84.86
19641130     -0.005185       84.42
19641231      0.003909       84.75
19650129      0.033156       87.56
19650226     -0.001485       87.43
19650331     -0.014526       86.16
19650430      0.034239       89.11
19650528     -0.007743       88.42
19650630     -0.048632       84.12
19650730      0.013433       85.25
19650831      0.022522       87.17
19650930      0.032006       89.96
19651029      0.027345       92.42
19651130     -0.008764       91.61
19651231      0.008951       92.43
19660131      0.004869       92.88
19660228     -0.017873       91.22
19660331     -0.021815       89.23
19660429      0.020509       91.06
19660531     -0.054140       86.13
19660630     -0.016138       84.74
19660729     -0.013453       83.60
19660831     -0.077751       77.10
19660930     -0.007004       76.56
19661031      0.047544       80.20
19661130      0.003117       80.45
19661230     -0.001492       80.33
19670131      0.078178       86.61
19670228      0.001963       86.78
19670331      0.039410       90.20
19670428      0.042239       94.01
19670531     -0.052441       89.08
19670630      0.017512       90.64
19670731      0.045344       94.75
19670831     -0.011715       93.64
19670929      0.032785       96.71
19671031     -0.029056       93.90
19671130      0.001065       94.00
19671229      0.026277       96.47
19680131     -0.043848       92.24
19680229     -0.031223       89.36
19680329      0.009400       90.20
19680430      0.081929       97.59
19680531      0.011169       98.68
19680628      0.009120       99.58
19680730     -0.018478       97.74
19680830      0.011459       98.86
19680930      0.038539      102.67
19681031      0.007208      103.41
19681129      0.047964      108.37
19681231     -0.041617      103.86
19690131     -0.008184      103.01
19690228     -0.047374       98.13
19690328      0.034444      101.51
19690430      0.021476      103.69
19690529     -0.002218      103.46
19690630     -0.055577       97.71
19690731     -0.060178       91.83
19690829      0.040074       95.51
19690930     -0.025024       93.12
19691031      0.044244       97.24
19691128     -0.035274       93.81
19691231     -0.018655       92.06
19700130     -0.076472       85.02
19700227      0.052693       89.50
19700331      0.001453       89.63
19700430     -0.090483       81.52
19700529     -0.060967       76.55
19700630     -0.050033       72.72
19700731      0.073295       78.05
19700831      0.044459       81.52
19700930      0.032998       84.21
19701030     -0.011400       83.25
19701130      0.047447       87.20
19701231      0.056766       92.15
19710129      0.040477       95.88
19710226      0.009074       96.75
19710331      0.036796      100.31
19710430      0.036288      103.95
19710528     -0.041558       99.63
19710630      0.000703       99.70
19710730     -0.041324       95.58
19710831      0.036095       99.03
19710930     -0.006968       98.34
19711029     -0.041794       94.23
19711130     -0.002547       93.99
19711231      0.086179      102.09
19720131      0.018121      103.94
19720229      0.025303      106.57
19720330      0.005912      107.20
19720428      0.004384      107.67
19720531      0.017275      109.53
19720630     -0.021821      107.14
19720731      0.002333      107.39
19720831      0.034454      111.09
19720929     -0.004861      110.55
19721031      0.009317      111.58
19721130      0.045617      116.67
19721229      0.011828      118.05
19730131     -0.017111      116.03
19730228     -0.037490      111.68
19730330     -0.001433      111.52
19730430     -0.040800      106.97
19730531     -0.018884      104.95
19730629     -0.006575      104.26
19730731      0.037982      108.22
19730831     -0.036685      104.25
19730928      0.040096      108.43
19731031     -0.001291      108.29
19731130     -0.113861       95.96
19731231      0.016569       97.55
19740131     -0.010046       96.57
19740228     -0.003624       96.22
19740329     -0.023280       93.98
19740430     -0.039051       90.31
19740531     -0.033551       87.28
19740628     -0.014665       86.00
19740731     -0.077791       79.31
19740830     -0.090279       72.15
19740930     -0.119335       63.54
19741031      0.163047       73.90
19741129     -0.053180       69.97
19741231     -0.020151       68.56
19750131      0.122812       76.98
19750228      0.059886       81.59
19750331      0.021694       83.36
19750430      0.047265       87.30
19750530      0.044101       91.15
19750630      0.044323       95.19
19750731     -0.067654       88.75
19750829     -0.021070       86.88
19750930     -0.034645       83.87
19751031      0.061643       89.04
19751128      0.024708       91.24
19751231     -0.011508       90.19
19760130      0.118306      100.86
19760227     -0.011402       99.71
19760331      0.030689      102.77
19760430     -0.010995      101.64
19760528     -0.014364      100.18
19760630      0.040926      104.28
19760730     -0.008055      103.44
19760831     -0.005124      102.91
19760930      0.022641      105.24
19761029     -0.022235      102.90
19761130     -0.007775      102.10
19761231      0.052498      107.46
19770131     -0.050530      102.03
19770228     -0.021660       99.82
19770331     -0.014025       98.42
19770429      0.000203       98.44
19770531     -0.023568       96.12
19770630      0.045360      100.48
19770729     -0.016222       98.85
19770831     -0.021042       96.77
19770930     -0.002480       96.53
19771031     -0.043406       92.34
19771130      0.026966       94.83
19771230      0.002847       95.10
19780131     -0.061514       89.25
19780228     -0.024762       87.04
19780331      0.024931       89.21
19780428      0.085416       96.83
19780531      0.004234       97.24
19780630     -0.017585       95.53
19780731      0.053910      100.68
19780831      0.025924      103.29
19780929     -0.007261      102.54
19781031     -0.091574       93.15
19781130      0.016640       94.70
19781229      0.014889       96.11
19790131      0.039746       99.93
19790228     -0.036526       96.28
19790330      0.055152      101.59
19790430      0.001673      101.76
19790531     -0.026336       99.08
19790629      0.038656      102.91
19790731      0.008746      103.81
19790831      0.053078      109.32
19790928      0.000000      109.32
19791031     -0.068606      101.82
19791130      0.042624      106.16
19791231      0.016767      107.94
19800131      0.057625      114.16
19800229     -0.004380      113.66
19800331     -0.101795      102.09
19800430      0.041140      106.29
19800530      0.046571      111.24
19800630      0.026969      114.24
19800731      0.065039      121.67
19800829      0.005835      122.38
19800930      0.025168      125.46
19801031      0.016021      127.47
19801128      0.102377      140.52
19801231     -0.033874      135.76
19810130     -0.045742      129.55
19810227      0.013277      131.27
19810331      0.036033      136.00
19810430     -0.023456      132.81
19810529     -0.001657      132.59
19810630     -0.010408      131.21
19810731     -0.002210      130.92
19810831     -0.062099      122.79
19810930     -0.053832      116.18
19811030      0.049148      121.89
19811130      0.036590      126.35
19811231     -0.030075      122.55
19820129     -0.017544      120.40
19820226     -0.060548      113.11
19820331     -0.010167      111.96
19820430      0.040014      116.44
19820528     -0.039162      111.88
19820630     -0.020290      109.61
19820730     -0.022991      107.09
19820831      0.115977      119.51
19820930      0.007614      120.42
19821029      0.110364      133.71
19821130      0.036123      138.54
19821231      0.015158      140.64
19830131      0.033134      145.30
19830228      0.018995      148.06
19830331      0.033095      152.96
19830429      0.074922      164.42
19830531     -0.012346      162.39
19830630      0.035224      168.11
19830729     -0.033014      162.56
19830831      0.011319      164.40
19830930      0.010158      166.07
19831031     -0.015174      163.55
19831130      0.017426      166.40
19831230     -0.008834      164.93
19840131     -0.009216      163.41
19840229     -0.038859      157.06
19840330      0.013498      159.18
19840430      0.005466      160.05
19840531     -0.059356      150.55
19840629      0.017469      153.18
19840731     -0.016451      150.66
19840831      0.106332      166.68
19840928     -0.003480      166.10
19841031     -0.000060      166.09
19841130     -0.015112      163.58
19841231      0.022374      167.24
19850131      0.074085      179.63
19850228      0.008685      181.19
19850329     -0.002925      180.66
19850430     -0.004594      179.83
19850531      0.054051      189.55
19850628      0.012134      191.85
19850731     -0.004848      190.92
19850830     -0.011995      188.63
19850930     -0.034724      182.08
19851031      0.042509      189.82
19851129      0.065062      202.17
19851231      0.045061      211.28
19860131      0.002367      211.78
19860228      0.071489      226.92
19860331      0.052794      238.90
19860430     -0.014148      235.52
19860530      0.050229      247.35
19860630      0.014110      250.84
19860731     -0.058683      236.12
19860829      0.071193      252.93
19860930     -0.085439      231.32
19861031      0.054729      243.98
19861128      0.021477      249.22
19861231     -0.028288      242.17
19870130      0.131767      274.08
19870227      0.036924      284.20
19870331      0.026390      291.70
19870430     -0.011450      288.36
19870529      0.006034      290.10
19870630      0.047915      304.00
19870731      0.048224      318.66
19870831      0.034959      329.80
19870930     -0.024166      321.83
19871030     -0.217630      251.79
19871130     -0.085349      230.30
19871231      0.072861      247.08
19880129      0.040432      257.07
19880229      0.041817      267.82
19880331     -0.033343      258.89
19880429      0.009425      261.33
19880531      0.003176      262.16
19880630      0.043256      273.50
19880729     -0.005411      272.02
19880831     -0.038600      261.52
19880930      0.039729      271.91
19881031      0.025964      278.97
19881130     -0.018891      273.70
19881230      0.014688      277.72
19890131      0.071115      297.47
19890228     -0.028944      288.86
19890331      0.020806      294.87
19890428      0.050090      309.64
19890531      0.035138      320.52
19890630     -0.007925      317.98
19890731      0.088370      346.08
19890831      0.015517      351.45
19890929     -0.006544      349.15
19891031     -0.025175      340.36
19891130      0.016541      345.99
19891229      0.021417      353.40
19900131     -0.068817      329.08
19900228      0.008539      331.89
19900330      0.024255      339.94
19900430     -0.026887      330.80
19900531      0.091989      361.23
19900629     -0.008886      358.02
19900731     -0.005223      356.15
19900831     -0.094314      322.56
19900928     -0.051184      306.05
19901031     -0.006698      304.00
19901130      0.059934      322.22
19901231      0.024828      330.22
19910131      0.041518      343.93
19910228      0.067281      367.07
19910328      0.022203      375.22
19910430      0.000346      375.35
19910531      0.038577      389.83
19910628     -0.047893      371.16
19910731      0.044859      387.81
19910830      0.019649      395.43
19910930     -0.019144      387.86
19911031      0.011860      392.46
19911129     -0.043928      375.22
19911231      0.111588      417.09
19920131     -0.019900      408.79
19920228      0.009565      412.70
19920331     -0.021832      403.69
19920430      0.027893      414.95
19920529      0.000964      415.35
19920630     -0.017359      408.14
19920731      0.039374      424.21
19920831     -0.023998      414.03
19920930      0.009106      417.80
19921030      0.002106      418.68
19921130      0.030262      431.35
19921231      0.010108      435.71
19930129      0.007046      438.78
19930226      0.010484      443.38
19930331      0.018697      451.67
19930430     -0.025417      440.19
19930528      0.022717      450.19
19930630      0.000755      450.53
19930730     -0.005327      448.13
19930831      0.034432      463.56
19930930     -0.009988      458.93
19931029      0.019393      467.83
19931130     -0.012911      461.79
19931231      0.010091      466.45
19940131      0.032501      481.61
19940228     -0.030045      467.14
19940331     -0.045746      445.77
19940429      0.011531      450.91
19940531      0.012419      456.51
19940630     -0.026812      444.27
19940729      0.031467      458.25
19940831      0.037643      475.50
19940930     -0.026898      462.71
19941031      0.020834      472.35
19941130     -0.039505      453.69
19941230      0.012299      459.27
19950131      0.024278      470.42
19950228      0.036074      487.39
19950331      0.027329      500.71
19950428      0.027960      514.71
19950531      0.036312      533.40
19950630      0.021279      544.75
19950731      0.031776      562.06
19950831     -0.000320      561.88
19950929      0.040098      584.41
19951031     -0.004979      581.50
19951130      0.041049      605.37
19951229      0.017444      615.93
19960131      0.032617      636.02
19960229      0.006934      640.43
19960329      0.007917      645.50
19960430      0.013431      654.17
19960531      0.022853      669.12
19960628      0.002257      670.63
19960731     -0.045748      639.95
19960830      0.018814      651.99
19960930      0.054173      687.31
19961031      0.026131      705.27
19961129      0.073376      757.02
19961231     -0.021505      740.74
19970131      0.061317      786.16
19970228      0.005928      790.82
19970331     -0.042614      757.12
19970430      0.058406      801.34
19970530      0.058577      848.28
19970630      0.043453      885.14
19970731      0.078123      954.29
19970829     -0.057446      899.47
19970930      0.053154      947.28
19971031     -0.034478      914.62
19971128      0.044587      955.40
19971231      0.015732      970.43
19980130      0.010150      980.28
19980227      0.070449     1049.34
19980331      0.049946     1101.75
19980430      0.009076     1111.75
19980529     -0.018826     1090.82
19980630      0.039438     1133.84
19980731     -0.011615     1120.67
19980831     -0.145797      957.28
19980930      0.062396     1017.01
19981030      0.080294     1098.67
19981130      0.059126     1163.63
19981231      0.056375     1229.23
19990129      0.041009     1279.64
19990226     -0.032283     1238.33
19990331      0.038794     1286.37
19990430      0.037944     1335.18
19990528     -0.024970     1301.84
19990630      0.054438     1372.71
19990730     -0.032046     1328.72
19990831     -0.006254     1320.41
19990930     -0.028552     1282.71
19991029      0.062539     1362.93
19991130      0.019062     1388.91
19991231      0.057844     1469.25
20000131     -0.050904     1394.46
20000229     -0.020108     1366.42
20000331      0.096720     1498.58
20000428     -0.030796     1452.43
20000531     -0.021915     1420.60
20000630      0.023934     1454.60
20000731     -0.016341     1430.83
20000831      0.060699     1517.68
20000929     -0.053483     1436.51
20001031     -0.004949     1429.40
20001130     -0.080069     1314.95
20001229      0.004053     1320.28
20010131      0.034637     1366.01
20010228     -0.092291     1239.94
20010330     -0.064205     1160.33
20010430      0.076814     1249.46
20010531      0.005090     1255.82
20010629     -0.025004     1224.42
20010731     -0.010772     1211.23
20010831     -0.064108     1133.58
20010928     -0.081723     1040.94
20011031      0.018099     1059.78
20011130      0.075176     1139.45
20011231      0.007574     1148.08
20020131     -0.015574     1130.20
20020228     -0.020766     1106.73
20020328      0.036739     1147.39
20020430     -0.061418     1076.92
20020531     -0.009081     1067.14
20020628     -0.072465      989.81
20020731     -0.078995      911.62
20020830      0.004881      916.07
20020930     -0.110013      815.29
20021031      0.086435      885.76
20021129      0.057070      936.31
20021231     -0.060333      879.82
20030131     -0.027415      855.70
20030228     -0.017004      841.15
20030331      0.008358      848.18
20030430      0.081044      916.92
20030530      0.050899      963.59
20030630      0.011322      974.50
20030731      0.016224      990.31
20030829      0.017873     1008.01
20030930     -0.011944      995.97
20031031      0.054961     1050.71
20031128      0.007129     1058.20
20031231      0.050765     1111.92
20040130      0.017276     1131.13
20040227      0.012209     1144.94
20040331     -0.016359     1126.21
20040430     -0.016791     1107.30
20040528      0.012083     1120.68
20040630      0.017989     1140.84
20040730     -0.034291     1101.72
20040831      0.002287     1104.24
20040930      0.009364     1114.58
20041029      0.014014     1130.20
20041130      0.038595     1173.82
20041231      0.032458     1211.92
20050131     -0.025290     1181.27
20050228      0.018903     1203.60
20050331     -0.019118     1180.59
20050429     -0.020109     1156.85
20050531      0.029952     1191.50
20050630     -0.000143     1191.33
20050729      0.035968     1234.18
20050831     -0.011222     1220.33
20050930      0.006949     1228.81
20051031     -0.017741     1207.01
20051130      0.035186     1249.48
20051230     -0.000952     1248.29
20060131      0.025467     1280.08
20060228      0.000453     1280.66
20060331      0.011065     1294.83
20060428      0.012187     1310.61
20060531     -0.030917     1270.09
20060630      0.000087     1270.20
20060731      0.005086     1276.66
20060831      0.021274     1303.82
20060929      0.024566     1335.85
20061031      0.031508     1377.94
20061130      0.016467     1400.63
20061229      0.012616     1418.30
20070131      0.014059     1438.24
20070228     -0.021846     1406.82
20070330      0.009980     1420.86
20070430      0.043291     1482.37
20070531      0.032549     1530.62
20070629     -0.017816     1503.35
20070731     -0.031982     1455.27
20070831      0.012864     1473.99
20070928      0.035794     1526.75
20071031      0.014822     1549.38
20071130     -0.044043     1481.14
20071231     -0.008628     1468.36
20080131     -0.061163     1378.55
20080229     -0.034761     1330.63
20080331     -0.005960     1322.70
20080430      0.047547     1385.59
20080530      0.010674     1400.38
20080630     -0.085962     1280.00
20080731     -0.009859     1267.38
20080829      0.012190     1282.83
20080930     -0.090791     1166.36
20081031     -0.169424      968.75
20081128     -0.074849      896.24
20081231      0.007822      903.25
20090130     -0.085657      825.88
20090227     -0.109931      735.09
20090331      0.085405      797.87
20090430      0.093925      872.81
20090529      0.053081      919.14
20090630      0.000196      919.32
20090731      0.074142      987.48
20090831      0.033560     1020.62
20090930      0.035723     1057.08
20091030     -0.019762     1036.19
20091130      0.057364     1095.63
20091231      0.017771     1115.10
